0	0.036	0.036
1000	0.037	0.073
2000	0.037	0.111
3000	0.038	0.149
4000	0.038	0.187
5000	0.039	0.227
6000	0.041	0.268
7000	0.041	0.309
8000	0.042	0.351
9000	0.042	0.393
10000	0.041	0.435
11000	0.043	0.477
12000	0.043	0.520
13000	0.043	0.563
14000	0.043	0.606
15000	0.042	0.648
16000	0.041	0.689
17000	0.041	0.730
18000	0.042	0.772
19000	0.040	0.812
20000	0.041	0.853
21000	0.041	0.895
22000	0.040	0.935
23000	0.040	0.975
24000	0.040	1.014
25000	0.039	1.053
26000	0.039	1.093
27000	0.040	1.132
28000	0.040	1.172
29000	0.040	1.212
30000	0.039	1.251
31000	0.040	1.292
32000	0.040	1.332
33000	0.040	1.372
34000	0.040	1.412
35000	0.040	1.452
36000	0.043	1.495
37000	0.044	1.539
38000	0.045	1.584
39000	0.045	1.629
40000	0.045	1.674
41000	0.046	1.720
42000	0.047	1.768
43000	0.047	1.815
44000	0.048	1.862
45000	0.048	1.910
46000	0.047	1.958
47000	0.046	2.004
48000	0.047	2.051
49000	0.045	2.096
50000	0.044	2.140
51000	0.045	2.185
52000	0.045	2.230
53000	0.045	2.274
54000	0.044	2.318
55000	0.044	2.362
56000	0.044	2.406
57000	0.044	2.450
58000	0.043	2.493
59000	0.042	2.535
60000	0.041	2.577
61000	0.042	2.619
62000	0.042	2.661
63000	0.044	2.705
64000	0.044	2.749
65000	0.046	2.795
66000	0.047	2.841
67000	0.048	2.889
68000	0.047	2.936
69000	0.047	2.983
70000	0.048	3.031
71000	0.048	3.079
72000	0.048	3.127
73000	0.050	3.177
74000	0.051	3.228
75000	0.050	3.278
76000	0.052	3.330
77000	0.053	3.383
78000	0.051	3.434
79000	0.050	3.484
80000	0.050	3.534
81000	0.051	3.585
82000	0.051	3.637
83000	0.053	3.689
84000	0.053	3.743
85000	0.053	3.795
86000	0.051	3.846
87000	0.051	3.897
88000	0.050	3.947
89000	0.049	3.996
90000	0.049	4.045
91000	0.049	4.094
92000	0.049	4.143
93000	0.050	4.193
94000	0.050	4.243
95000	0.049	4.292
96000	0.050	4.342
97000	0.050	4.392
98000	0.051	4.442
99000	0.050	4.493
100000	0.049	4.542
101000	0.049	4.590
102000	0.049	4.639
103000	0.048	4.687
104000	0.047	4.733
105000	0.046	4.779
106000	0.045	4.824
107000	0.045	4.869
108000	0.046	4.915
109000	0.047	4.962
110000	0.047	5.010
111000	0.047	5.056
112000	0.047	5.104
113000	0.047	5.151
114000	0.048	5.199
115000	0.048	5.247
116000	0.049	5.296
117000	0.049	5.345
118000	0.047	5.393
119000	0.048	5.441
120000	0.047	5.488
121000	0.047	5.535
122000	0.046	5.581
123000	0.046	5.627
124000	0.047	5.674
125000	0.049	5.723
126000	0.049	5.773
127000	0.050	5.822
128000	0.051	5.873
129000	0.052	5.925
130000	0.052	5.977
131000	0.050	6.027
132000	0.050	6.078
133000	0.050	6.128
134000	0.049	6.177
135000	0.048	6.225
136000	0.047	6.272
137000	0.047	6.319
138000	0.046	6.365
139000	0.046	6.412
140000	0.046	6.458
141000	0.046	6.503
142000	0.044	6.548
143000	0.043	6.591
144000	0.042	6.633
145000	0.041	6.674
146000	0.041	6.715
147000	0.040	6.755
148000	0.040	6.795
149000	0.040	6.834
150000	0.039	6.873
151000	0.039	6.912
152000	0.040	6.951
153000	0.040	6.991
154000	0.041	7.033
155000	0.041	7.074
156000	0.041	7.115
157000	0.041	7.156
158000	0.041	7.197
159000	0.041	7.238
160000	0.041	7.279
161000	0.041	7.319
162000	0.041	7.361
163000	0.041	7.402
164000	0.041	7.443
165000	0.040	7.482
166000	0.040	7.523
167000	0.039	7.562
168000	0.039	7.600
169000	0.038	7.639
170000	0.038	7.677
171000	0.038	7.714
172000	0.036	7.751
173000	0.036	7.786
174000	0.036	7.823
175000	0.037	7.859
176000	0.036	7.896
177000	0.036	7.932
178000	0.038	7.970
179000	0.038	8.008
180000	0.037	8.045
181000	0.036	8.081
182000	0.036	8.117
183000	0.034	8.151
184000	0.033	8.184
185000	0.034	8.218
186000	0.034	8.252
187000	0.033	8.285
188000	0.032	8.317
189000	0.032	8.348
190000	0.031	8.379
191000	0.030	8.409
192000	0.030	8.439
193000	0.029	8.468
194000	0.028	8.496
195000	0.027	8.523
196000	0.027	8.550
197000	0.026	8.576
198000	0.024	8.600
199000	0.024	8.624
200000	0.022	8.645
201000	0.022	8.667
202000	0.021	8.688
203000	0.021	8.709
204000	0.021	8.730
205000	0.020	8.750
206000	0.019	8.770
207000	0.019	8.788
208000	0.018	8.806
209000	0.016	8.823
210000	0.016	8.839
211000	0.016	8.855
212000	0.015	8.870
213000	0.015	8.885
214000	0.015	8.900
215000	0.015	8.915
216000	0.014	8.929
217000	0.016	8.945
218000	0.017	8.962
219000	0.016	8.978
220000	0.015	8.993
221000	0.016	9.008
222000	0.017	9.026
223000	0.019	9.044
224000	0.019	9.063
225000	0.018	9.081
226000	0.016	9.097
227000	0.014	9.112
228000	0.012	9.124
229000	0.010	9.134
230000	0.011	9.145
231000	0.012	9.156
232000	0.012	9.169
233000	0.012	9.181
234000	0.014	9.195
235000	0.013	9.208
236000	0.014	9.222
237000	0.014	9.236
238000	0.014	9.250
239000	0.015	9.265
240000	0.016	9.281
241000	0.017	9.298
242000	0.017	9.315
243000	0.019	9.334
244000	0.020	9.354
245000	0.020	9.374
246000	0.020	9.394
247000	0.021	9.415
248000	0.020	9.435
249000	0.020	9.455
250000	0.021	9.476
251000	0.020	9.497
252000	0.019	9.516
253000	0.019	9.534
254000	0.019	9.554
255000	0.020	9.574
256000	0.022	9.596
257000	0.022	9.618
258000	0.021	9.639
259000	0.021	9.660
260000	0.021	9.681
261000	0.022	9.703
262000	0.022	9.724
263000	0.020	9.745
264000	0.020	9.765
265000	0.019	9.784
266000	0.017	9.801
267000	0.018	9.819
268000	0.017	9.837
269000	0.018	9.854
270000	0.019	9.873
271000	0.019	9.892
272000	0.020	9.911
273000	0.020	9.931
274000	0.020	9.950
275000	0.021	9.971
276000	0.021	9.992
277000	0.022	10.014
278000	0.021	10.035
279000	0.021	10.056
280000	0.020	10.076
281000	0.021	10.098
282000	0.022	10.120
283000	0.024	10.143
284000	0.023	10.166
285000	0.023	10.188
286000	0.023	10.212
287000	0.025	10.237
288000	0.027	10.264
289000	0.027	10.291
290000	0.029	10.320
291000	0.030	10.349
292000	0.029	10.378
293000	0.028	10.406
294000	0.028	10.434
295000	0.029	10.463
296000	0.027	10.490
297000	0.028	10.518
298000	0.028	10.547
299000	0.030	10.576
300000	0.031	10.608
301000	0.030	10.638
302000	0.030	10.668
303000	0.031	10.699
304000	0.030	10.729
305000	0.031	10.760
306000	0.031	10.791
307000	0.032	10.823
308000	0.032	10.855
309000	0.033	10.888
310000	0.032	10.920
311000	0.034	10.954
312000	0.033	10.987
313000	0.032	11.018
314000	0.031	11.049
315000	0.031	11.080
316000	0.030	11.110
317000	0.030	11.140
318000	0.030	11.170
319000	0.031	11.201
320000	0.032	11.234
321000	0.032	11.266
322000	0.033	11.298
323000	0.031	11.330
324000	0.031	11.361
325000	0.031	11.392
326000	0.032	11.424
327000	0.033	11.457
328000	0.034	11.490
329000	0.034	11.524
330000	0.035	11.560
331000	0.035	11.595
332000	0.034	11.629
333000	0.034	11.662
334000	0.034	11.696
335000	0.035	11.731
336000	0.035	11.766
337000	0.035	11.802
338000	0.034	11.836
339000	0.033	11.869
340000	0.032	11.901
341000	0.031	11.932
342000	0.032	11.964
343000	0.032	11.995
344000	0.030	12.025
345000	0.030	12.055
346000	0.029	12.084
347000	0.029	12.113
348000	0.028	12.141
349000	0.028	12.168
350000	0.027	12.196
351000	0.027	12.223
352000	0.029	12.251
353000	0.028	12.280
354000	0.028	12.307
355000	0.028	12.335
356000	0.028	12.363
357000	0.028	12.391
358000	0.029	12.419
359000	0.030	12.449
360000	0.031	12.480
361000	0.031	12.511
362000	0.032	12.543
363000	0.033	12.576
364000	0.034	12.610
365000	0.034	12.644
366000	0.035	12.679
367000	0.035	12.715
368000	0.036	12.751
369000	0.037	12.788
370000	0.037	12.825
371000	0.038	12.863
372000	0.038	12.900
373000	0.037	12.937
374000	0.038	12.976
375000	0.038	13.014
376000	0.037	13.050
377000	0.035	13.085
378000	0.035	13.120
379000	0.036	13.156
380000	0.036	13.192
381000	0.036	13.228
382000	0.035	13.263
383000	0.034	13.297
384000	0.034	13.331
385000	0.033	13.363
386000	0.032	13.395
387000	0.031	13.426
388000	0.030	13.456
389000	0.031	13.487
390000	0.031	13.518
391000	0.030	13.548
392000	0.030	13.578
393000	0.030	13.608
394000	0.031	13.638
395000	0.031	13.669
396000	0.031	13.700
397000	0.031	13.731
398000	0.031	13.761
399000	0.030	13.791
400000	0.029	13.820
401000	0.030	13.850
402000	0.028	13.878
403000	0.026	13.905
404000	0.026	13.931
405000	0.026	13.957
406000	0.027	13.983
407000	0.026	14.010
408000	0.026	14.036
409000	0.026	14.062
410000	0.025	14.087
411000	0.022	14.109
412000	0.023	14.131
413000	0.025	14.156
414000	0.025	14.181
415000	0.024	14.205
416000	0.024	14.230
417000	0.024	14.254
418000	0.023	14.277
419000	0.022	14.299
420000	0.022	14.321
421000	0.023	14.344
422000	0.023	14.366
423000	0.024	14.391
424000	0.025	14.415
425000	0.025	14.440
426000	0.025	14.466
427000	0.026	14.491
428000	0.027	14.518
429000	0.028	14.547
430000	0.028	14.575
431000	0.026	14.601
432000	0.026	14.628
433000	0.026	14.654
434000	0.027	14.680
435000	0.027	14.707
436000	0.028	14.735
437000	0.028	14.763
438000	0.029	14.792
439000	0.030	14.822
440000	0.032	14.854
441000	0.032	14.886
442000	0.032	14.918
443000	0.034	14.952
444000	0.035	14.987
445000	0.033	15.020
446000	0.034	15.054
447000	0.034	15.087
448000	0.036	15.123
449000	0.037	15.160
450000	0.038	15.198
451000	0.039	15.237
452000	0.039	15.276
453000	0.039	15.315
454000	0.039	15.354
455000	0.038	15.391
456000	0.037	15.429
457000	0.036	15.465
458000	0.036	15.501
459000	0.035	15.536
460000	0.034	15.570
461000	0.034	15.604
462000	0.033	15.637
463000	0.034	15.671
464000	0.034	15.705
465000	0.033	15.738
466000	0.033	15.771
467000	0.031	15.803
468000	0.032	15.835
469000	0.033	15.868
470000	0.033	15.901
471000	0.034	15.935
472000	0.034	15.968
473000	0.033	16.001
474000	0.032	16.033
475000	0.032	16.065
476000	0.032	16.097
477000	0.032	16.129
478000	0.033	16.162
479000	0.033	16.195
480000	0.033	16.228
481000	0.034	16.262
482000	0.036	16.299
483000	0.037	16.336
484000	0.040	16.376
485000	0.041	16.416
486000	0.041	16.457
487000	0.041	16.498
488000	0.041	16.540
489000	0.041	16.581
490000	0.040	16.621
491000	0.040	16.661
492000	0.040	16.701
493000	0.040	16.741
494000	0.040	16.781
495000	0.039	16.820
496000	0.039	16.859
497000	0.039	16.898
498000	0.039	16.937
499000	0.039	16.975
500000	0.041	17.016
501000	0.042	17.058
502000	0.044	17.102
503000	0.047	17.150
504000	0.047	17.197
505000	0.046	17.243
506000	0.045	17.288
507000	0.045	17.333
508000	0.045	17.378
509000	0.046	17.424
510000	0.048	17.472
511000	0.049	17.521
512000	0.048	17.569
513000	0.047	17.616
514000	0.046	17.662
515000	0.048	17.710
516000	0.048	17.758
517000	0.048	17.806
518000	0.049	17.855
519000	0.050	17.904
520000	0.050	17.954
521000	0.048	18.002
522000	0.046	18.048
523000	0.045	18.093
524000	0.045	18.138
525000	0.044	18.183
526000	0.043	18.226
527000	0.042	18.268
528000	0.041	18.309
529000	0.041	18.350
530000	0.041	18.391
531000	0.044	18.435
532000	0.045	18.480
533000	0.045	18.526
534000	0.044	18.570
535000	0.043	18.613
536000	0.042	18.655
537000	0.042	18.698
538000	0.042	18.740
539000	0.042	18.781
540000	0.040	18.821
541000	0.040	18.862
542000	0.040	18.902
543000	0.038	18.940
544000	0.040	18.979
545000	0.041	19.020
546000	0.040	19.060
547000	0.040	19.100
548000	0.039	19.139
549000	0.039	19.178
550000	0.038	19.216
551000	0.037	19.253
552000	0.037	19.290
553000	0.040	19.330
554000	0.041	19.370
555000	0.040	19.411
556000	0.039	19.450
557000	0.041	19.491
558000	0.040	19.531
559000	0.041	19.572
560000	0.041	19.613
561000	0.042	19.655
562000	0.041	19.697
563000	0.041	19.738
564000	0.040	19.778
565000	0.041	19.818
566000	0.041	19.860
567000	0.041	19.901
568000	0.040	19.941
569000	0.038	19.979
570000	0.037	20.016
571000	0.035	20.051
572000	0.035	20.086
573000	0.033	20.119
574000	0.032	20.151
575000	0.031	20.182
576000	0.031	20.214
577000	0.031	20.244
578000	0.031	20.275
579000	0.031	20.306
580000	0.031	20.337
581000	0.030	20.366
582000	0.030	20.396
583000	0.028	20.424
584000	0.027	20.451
585000	0.026	20.477
586000	0.025	20.502
587000	0.024	20.526
588000	0.025	20.551
589000	0.025	20.576
590000	0.025	20.601
591000	0.025	20.626
592000	0.025	20.650
593000	0.024	20.674
594000	0.024	20.698
595000	0.024	20.722
596000	0.026	20.747
597000	0.026	20.773
598000	0.026	20.799
599000	0.025	20.824
600000	0.024	20.848
601000	0.022	20.870
602000	0.021	20.890
603000	0.019	20.910
604000	0.020	20.929
605000	0.021	20.950
606000	0.021	20.972
607000	0.021	20.992
608000	0.021	21.013
609000	0.020	21.033
610000	0.020	21.053
611000	0.021	21.074
612000	0.021	21.095
613000	0.021	21.116
614000	0.021	21.137
615000	0.021	21.158
616000	0.021	21.179
617000	0.020	21.199
618000	0.019	21.218
619000	0.017	21.235
620000	0.017	21.252
621000	0.018	21.270
622000	0.019	21.289
623000	0.017	21.307
624000	0.016	21.322
625000	0.015	21.337
626000	0.014	21.351
627000	0.013	21.364
628000	0.011	21.375
629000	0.009	21.384
630000	0.008	21.392
631000	0.008	21.399
632000	0.006	21.406
633000	0.005	21.411
634000	0.007	21.418
635000	0.007	21.424
636000	0.007	21.432
637000	0.007	21.439
638000	0.007	21.446
639000	0.008	21.454
640000	0.008	21.462
641000	0.009	21.472
642000	0.008	21.480
643000	0.008	21.488
644000	0.009	21.497
645000	0.010	21.506
646000	0.011	21.517
647000	0.012	21.529
648000	0.011	21.540
649000	0.011	21.552
650000	0.011	21.562
651000	0.011	21.573
652000	0.011	21.584
653000	0.009	21.594
654000	0.009	21.602
655000	0.009	21.612
656000	0.009	21.621
657000	0.009	21.630
658000	0.010	21.640
659000	0.009	21.649
660000	0.009	21.658
661000	0.008	21.666
662000	0.008	21.674
663000	0.008	21.681
664000	0.009	21.690
665000	0.008	21.699
666000	0.009	21.708
667000	0.010	21.717
668000	0.012	21.729
669000	0.013	21.742
670000	0.013	21.755
671000	0.014	21.769
672000	0.014	21.784
673000	0.016	21.800
674000	0.017	21.817
675000	0.018	21.834
676000	0.018	21.852
677000	0.020	21.872
678000	0.021	21.892
679000	0.021	21.913
680000	0.020	21.933
681000	0.020	21.953
682000	0.020	21.973
683000	0.021	21.993
684000	0.022	22.016
685000	0.022	22.038
686000	0.023	22.061
687000	0.024	22.085
688000	0.023	22.107
689000	0.023	22.130
690000	0.022	22.152
691000	0.022	22.174
692000	0.023	22.197
693000	0.024	22.222
694000	0.024	22.246
695000	0.025	22.270
696000	0.024	22.294
697000	0.023	22.317
698000	0.024	22.341
699000	0.026	22.367
700000	0.025	22.392
701000	0.026	22.417
702000	0.026	22.443
703000	0.027	22.470
704000	0.027	22.497
705000	0.027	22.524
706000	0.027	22.551
707000	0.027	22.577
708000	0.026	22.603
709000	0.026	22.629
710000	0.026	22.655
711000	0.027	22.682
712000	0.027	22.709
713000	0.028	22.737
714000	0.028	22.765
715000	0.028	22.793
716000	0.028	22.821
717000	0.028	22.849
718000	0.029	22.878
719000	0.030	22.908
720000	0.031	22.939
721000	0.031	22.970
722000	0.032	23.002
723000	0.032	23.034
724000	0.032	23.065
725000	0.033	23.098
726000	0.034	23.133
727000	0.035	23.168
728000	0.036	23.204
729000	0.035	23.239
730000	0.034	23.274
731000	0.033	23.307
732000	0.034	23.341
733000	0.034	23.375
734000	0.033	23.408
735000	0.034	23.442
736000	0.034	23.476
737000	0.034	23.510
738000	0.033	23.543
739000	0.032	23.575
740000	0.033	23.608
741000	0.033	23.641
742000	0.034	23.675
743000	0.034	23.709
744000	0.032	23.740
745000	0.031	23.771
746000	0.030	23.801
747000	0.030	23.831
748000	0.029	23.860
749000	0.030	23.890
750000	0.029	23.919
751000	0.029	23.948
752000	0.029	23.977
753000	0.029	24.006
754000	0.030	24.036
755000	0.031	24.066
756000	0.031	24.098
757000	0.031	24.129
758000	0.031	24.160
759000	0.031	24.190
760000	0.031	24.222
761000	0.031	24.253
762000	0.031	24.284
763000	0.031	24.315
764000	0.030	24.345
765000	0.030	24.375
766000	0.029	24.404
767000	0.029	24.434
768000	0.029	24.463
769000	0.029	24.492
770000	0.029	24.521
771000	0.029	24.551
772000	0.030	24.581
773000	0.031	24.612
774000	0.031	24.642
775000	0.031	24.674
776000	0.032	24.706
777000	0.031	24.736
778000	0.029	24.765
779000	0.029	24.795
780000	0.030	24.825
781000	0.029	24.854
782000	0.030	24.885
783000	0.030	24.914
784000	0.029	24.943
785000	0.031	24.974
786000	0.029	25.003
787000	0.028	25.031
788000	0.029	25.059
789000	0.029	25.088
790000	0.028	25.116
791000	0.028	25.144
792000	0.028	25.173
793000	0.030	25.202
794000	0.030	25.232
795000	0.030	25.262
796000	0.030	25.292
797000	0.030	25.322
798000	0.031	25.353
799000	0.031	25.384
800000	0.031	25.415
801000	0.031	25.446
802000	0.030	25.476
803000	0.028	25.504
804000	0.029	25.533
805000	0.029	25.562
806000	0.029	25.591
807000	0.030	25.621
808000	0.029	25.650
809000	0.029	25.679
810000	0.028	25.707
811000	0.027	25.734
812000	0.026	25.760
813000	0.026	25.786
814000	0.026	25.812
815000	0.025	25.837
816000	0.024	25.861
817000	0.026	25.887
818000	0.026	25.914
819000	0.026	25.939
820000	0.026	25.965
821000	0.026	25.991
822000	0.027	26.018
823000	0.028	26.046
824000	0.030	26.076
825000	0.030	26.106
826000	0.031	26.137
827000	0.031	26.168
828000	0.031	26.200
829000	0.032	26.232
830000	0.033	26.265
831000	0.032	26.297
832000	0.032	26.329
833000	0.033	26.362
834000	0.033	26.395
835000	0.032	26.427
836000	0.030	26.457
837000	0.031	26.488
838000	0.031	26.519
839000	0.032	26.551
840000	0.032	26.583
841000	0.031	26.614
842000	0.031	26.645
843000	0.031	26.676
844000	0.032	26.708
845000	0.033	26.741
846000	0.033	26.774
847000	0.034	26.808
848000	0.035	26.843
849000	0.035	26.879
850000	0.036	26.915
851000	0.036	26.951
852000	0.036	26.987
853000	0.037	27.024
854000	0.035	27.060
855000	0.034	27.094
856000	0.033	27.126
857000	0.033	27.159
858000	0.034	27.193
859000	0.034	27.227
860000	0.035	27.262
861000	0.035	27.297
862000	0.036	27.333
863000	0.036	27.369
864000	0.036	27.405
865000	0.036	27.441
866000	0.038	27.479
867000	0.038	27.517
868000	0.037	27.555
869000	0.038	27.593
870000	0.038	27.631
871000	0.038	27.669
872000	0.037	27.706
873000	0.037	27.743
874000	0.036	27.779
875000	0.036	27.815
876000	0.036	27.851
877000	0.036	27.886
878000	0.037	27.923
879000	0.037	27.960
880000	0.037	27.997
881000	0.037	28.034
882000	0.036	28.070
883000	0.037	28.108
884000	0.037	28.145
885000	0.036	28.181
886000	0.037	28.218
887000	0.038	28.255
888000	0.037	28.292
889000	0.037	28.330
890000	0.038	28.368
891000	0.038	28.406
892000	0.037	28.443
893000	0.036	28.479
894000	0.034	28.514
895000	0.033	28.547
896000	0.032	28.578
897000	0.031	28.609
898000	0.031	28.640
899000	0.030	28.670
900000	0.031	28.701
901000	0.032	28.733
902000	0.033	28.766
903000	0.034	28.800
904000	0.035	28.835
905000	0.034	28.870
906000	0.035	28.904
907000	0.034	28.939
908000	0.035	28.974
909000	0.037	29.010
910000	0.037	29.048
911000	0.038	29.086
912000	0.040	29.126
913000	0.040	29.167
914000	0.042	29.208
915000	0.043	29.251
916000	0.044	29.295
917000	0.043	29.338
918000	0.042	29.379
919000	0.043	29.422
920000	0.042	29.464
921000	0.040	29.504
922000	0.040	29.544
923000	0.039	29.584
924000	0.038	29.622
925000	0.038	29.659
926000	0.038	29.697
927000	0.038	29.735
928000	0.039	29.774
929000	0.039	29.813
930000	0.039	29.852
931000	0.040	29.891
932000	0.039	29.930
933000	0.038	29.968
934000	0.037	30.006
935000	0.038	30.044
936000	0.040	30.084
937000	0.039	30.123
938000	0.039	30.162
939000	0.039	30.202
940000	0.040	30.242
941000	0.041	30.282
942000	0.040	30.322
943000	0.039	30.361
944000	0.038	30.399
945000	0.036	30.435
946000	0.036	30.470
947000	0.034	30.504
948000	0.034	30.538
949000	0.033	30.571
950000	0.033	30.604
951000	0.033	30.637
952000	0.032	30.669
953000	0.032	30.701
954000	0.032	30.733
955000	0.031	30.764
956000	0.032	30.796
957000	0.032	30.827
958000	0.030	30.857
959000	0.030	30.887
960000	0.030	30.917
961000	0.030	30.948
962000	0.031	30.978
963000	0.030	31.008
964000	0.029	31.037
965000	0.031	31.068
966000	0.030	31.098
967000	0.030	31.128
968000	0.029	31.157
969000	0.027	31.185
970000	0.025	31.210
971000	0.025	31.235
972000	0.024	31.258
973000	0.023	31.282
974000	0.023	31.305
975000	0.024	31.329
976000	0.022	31.351
977000	0.020	31.371
978000	0.020	31.391
979000	0.019	31.410
980000	0.019	31.429
981000	0.021	31.449
982000	0.021	31.470
983000	0.021	31.491
984000	0.022	31.513
985000	0.023	31.536
986000	0.023	31.558
987000	0.023	31.582
988000	0.023	31.605
989000	0.023	31.628
990000	0.023	31.650
991000	0.022	31.672
992000	0.022	31.695
993000	0.023	31.717
994000	0.025	31.743
995000	0.026	31.769
996000	0.027	31.796
997000	0.028	31.824
998000	0.027	31.851
999000	0.027	31.878
1000000	0.027	31.905
1001000	0.027	31.932
1002000	0.027	31.959
1003000	0.026	31.985
1004000	0.025	32.010
1005000	0.026	32.035
1006000	0.025	32.060
1007000	0.025	32.086
1008000	0.026	32.111
1009000	0.025	32.136
1010000	0.025	32.161
1011000	0.025	32.186
1012000	0.024	32.210
1013000	0.025	32.235
1014000	0.023	32.258
1015000	0.022	32.280
1016000	0.021	32.301
1017000	0.022	32.323
1018000	0.023	32.346
1019000	0.022	32.368
1020000	0.022	32.390
1021000	0.023	32.413
1022000	0.022	32.435
1023000	0.022	32.458
1024000	0.022	32.480
1025000	0.022	32.502
1026000	0.020	32.522
1027000	0.021	32.543
1028000	0.022	32.565
1029000	0.022	32.586
1030000	0.023	32.609
1031000	0.022	32.631
1032000	0.023	32.653
1033000	0.023	32.676
1034000	0.023	32.699
1035000	0.023	32.722
1036000	0.022	32.744
1037000	0.022	32.767
1038000	0.022	32.789
1039000	0.021	32.810
1040000	0.021	32.832
1041000	0.021	32.853
1042000	0.021	32.874
1043000	0.022	32.895
1044000	0.023	32.918
1045000	0.023	32.941
1046000	0.025	32.966
1047000	0.024	32.990
1048000	0.025	33.015
1049000	0.026	33.041
1050000	0.027	33.068
1051000	0.028	33.096
1052000	0.029	33.125
1053000	0.030	33.155
1054000	0.031	33.186
1055000	0.032	33.218
1056000	0.033	33.252
1057000	0.033	33.285
1058000	0.033	33.318
1059000	0.033	33.351
1060000	0.033	33.384
1061000	0.032	33.416
1062000	0.032	33.448
1063000	0.032	33.480
1064000	0.033	33.513
1065000	0.032	33.545
1066000	0.032	33.577
1067000	0.032	33.609
1068000	0.033	33.642
1069000	0.034	33.676
1070000	0.035	33.712
1071000	0.035	33.747
1072000	0.035	33.781
1073000	0.034	33.815
1074000	0.034	33.849
1075000	0.033	33.882
1076000	0.034	33.916
1077000	0.036	33.952
1078000	0.037	33.990
1079000	0.039	34.028
1080000	0.038	34.067
1081000	0.037	34.104
1082000	0.036	34.140
1083000	0.035	34.176
1084000	0.034	34.210
1085000	0.032	34.242
1086000	0.032	34.275
1087000	0.034	34.308
1088000	0.034	34.342
1089000	0.033	34.375
1090000	0.033	34.409
1091000	0.034	34.442
1092000	0.034	34.476
1093000	0.034	34.509
1094000	0.032	34.541
1095000	0.032	34.573
1096000	0.032	34.606
1097000	0.031	34.637
1098000	0.031	34.668
1099000	0.032	34.700
1100000	0.031	34.732
1101000	0.030	34.762
1102000	0.029	34.791
1103000	0.029	34.820
1104000	0.030	34.850
1105000	0.030	34.879
1106000	0.030	34.910
1107000	0.031	34.941
1108000	0.031	34.972
1109000	0.032	35.004
1110000	0.031	35.035
1111000	0.032	35.067
1112000	0.032	35.100
1113000	0.032	35.132
1114000	0.032	35.164
1115000	0.032	35.195
1116000	0.032	35.227
1117000	0.033	35.260
1118000	0.032	35.293
1119000	0.033	35.325
1120000	0.033	35.359
1121000	0.034	35.393
1122000	0.035	35.428
1123000	0.034	35.462
1124000	0.035	35.496
1125000	0.036	35.532
1126000	0.035	35.567
1127000	0.034	35.600
1128000	0.034	35.635
1129000	0.035	35.670
1130000	0.034	35.704
1131000	0.035	35.739
1132000	0.036	35.775
1133000	0.036	35.810
1134000	0.036	35.846
1135000	0.035	35.882
1136000	0.036	35.917
1137000	0.034	35.952
1138000	0.035	35.986
1139000	0.035	36.022
1140000	0.036	36.058
1141000	0.034	36.092
1142000	0.034	36.125
1143000	0.034	36.159
1144000	0.034	36.193
1145000	0.035	36.228
1146000	0.034	36.261
1147000	0.034	36.296
1148000	0.035	36.330
1149000	0.033	36.364
1150000	0.032	36.395
1151000	0.030	36.425
1152000	0.030	36.455
1153000	0.029	36.484
1154000	0.028	36.512
1155000	0.027	36.539
1156000	0.027	36.566
1157000	0.027	36.592
1158000	0.026	36.618
1159000	0.026	36.644
1160000	0.025	36.669
1161000	0.024	36.694
1162000	0.024	36.718
1163000	0.023	36.741
1164000	0.023	36.763
1165000	0.022	36.785
1166000	0.022	36.807
1167000	0.022	36.830
1168000	0.022	36.852
1169000	0.023	36.875
1170000	0.023	36.898
1171000	0.022	36.920
1172000	0.023	36.943
1173000	0.025	36.968
1174000	0.025	36.993
1175000	0.026	37.019
1176000	0.026	37.044
1177000	0.025	37.069
1178000	0.023	37.092
1179000	0.022	37.113
1180000	0.021	37.134
1181000	0.020	37.154
1182000	0.021	37.175
1183000	0.021	37.196
1184000	0.023	37.219
1185000	0.024	37.243
1186000	0.024	37.267
1187000	0.024	37.290
1188000	0.024	37.315
1189000	0.025	37.339
1190000	0.026	37.365
1191000	0.027	37.393
1192000	0.027	37.420
1193000	0.028	37.447
1194000	0.029	37.477
1195000	0.030	37.506
1196000	0.029	37.536
1197000	0.029	37.565
1198000	0.030	37.594
1199000	0.029	37.623
1200000	0.029	37.652
1201000	0.030	37.682
1202000	0.030	37.712
1203000	0.031	37.744
1204000	0.031	37.774
1205000	0.031	37.805
1206000	0.031	37.836
1207000	0.030	37.866
1208000	0.029	37.894
1209000	0.028	37.922
1210000	0.028	37.950
1211000	0.026	37.977
1212000	0.026	38.002
1213000	0.025	38.027
1214000	0.025	38.052
1215000	0.026	38.078
1216000	0.025	38.103
1217000	0.025	38.127
1218000	0.025	38.152
1219000	0.024	38.176
1220000	0.022	38.197
1221000	0.021	38.218
1222000	0.020	38.238
1223000	0.021	38.259
1224000	0.020	38.279
1225000	0.021	38.300
1226000	0.022	38.322
1227000	0.023	38.344
1228000	0.022	38.367
1229000	0.021	38.388
1230000	0.022	38.410
1231000	0.023	38.433
1232000	0.022	38.455
1233000	0.023	38.479
1234000	0.024	38.503
1235000	0.024	38.527
1236000	0.024	38.550
1237000	0.025	38.575
1238000	0.024	38.599
1239000	0.024	38.624
1240000	0.024	38.647
1241000	0.026	38.673
1242000	0.027	38.700
1243000	0.028	38.728
1244000	0.027	38.755
1245000	0.026	38.782
1246000	0.026	38.807
1247000	0.026	38.833
1248000	0.025	38.858
1249000	0.025	38.884
1250000	0.027	38.911
1251000	0.028	38.938
1252000	0.026	38.965
1253000	0.025	38.990
1254000	0.025	39.015
1255000	0.025	39.040
1256000	0.024	39.063
1257000	0.024	39.088
1258000	0.025	39.113
1259000	0.025	39.137
1260000	0.025	39.162
1261000	0.024	39.186
1262000	0.025	39.210
1263000	0.026	39.237
1264000	0.026	39.263
1265000	0.026	39.289
1266000	0.025	39.314
1267000	0.025	39.339
1268000	0.024	39.363
1269000	0.024	39.387
1270000	0.025	39.412
1271000	0.026	39.438
1272000	0.026	39.464
1273000	0.025	39.490
1274000	0.026	39.516
1275000	0.025	39.541
1276000	0.026	39.566
1277000	0.026	39.592
1278000	0.027	39.620
1279000	0.028	39.647
1280000	0.028	39.676
1281000	0.029	39.705
1282000	0.030	39.734
1283000	0.031	39.765
1284000	0.030	39.795
1285000	0.030	39.825
1286000	0.031	39.855
1287000	0.030	39.885
1288000	0.031	39.916
1289000	0.031	39.947
1290000	0.032	39.979
1291000	0.032	40.011
1292000	0.031	40.042
1293000	0.031	40.073
1294000	0.031	40.103
1295000	0.031	40.134
1296000	0.030	40.164
1297000	0.030	40.194
1298000	0.030	40.224
1299000	0.030	40.254
1300000	0.029	40.283
1301000	0.029	40.312
1302000	0.029	40.341
1303000	0.029	40.370
1304000	0.028	40.398
1305000	0.026	40.424
1306000	0.026	40.450
1307000	0.026	40.475
1308000	0.026	40.502
1309000	0.028	40.529
1310000	0.028	40.557
1311000	0.029	40.586
1312000	0.028	40.615
1313000	0.028	40.643
1314000	0.027	40.670
1315000	0.026	40.696
1316000	0.026	40.722
1317000	0.026	40.748
1318000	0.026	40.774
1319000	0.026	40.800
1320000	0.026	40.826
1321000	0.027	40.853
1322000	0.028	40.881
1323000	0.029	40.910
1324000	0.029	40.939
1325000	0.030	40.969
1326000	0.031	40.999
1327000	0.031	41.030
1328000	0.031	41.061
1329000	0.032	41.093
1330000	0.032	41.124
1331000	0.031	41.156
1332000	0.031	41.187
1333000	0.031	41.218
1334000	0.031	41.249
1335000	0.032	41.281
1336000	0.033	41.314
1337000	0.032	41.346
1338000	0.031	41.377
1339000	0.031	41.407
1340000	0.030	41.437
1341000	0.029	41.466
1342000	0.029	41.495
1343000	0.027	41.522
1344000	0.028	41.549
1345000	0.029	41.578
1346000	0.030	41.608
1347000	0.031	41.639
1348000	0.031	41.670
1349000	0.032	41.702
1350000	0.032	41.734
1351000	0.031	41.765
1352000	0.031	41.796
1353000	0.031	41.827
1354000	0.031	41.857
1355000	0.032	41.889
1356000	0.033	41.922
1357000	0.032	41.954
1358000	0.033	41.987
1359000	0.034	42.021
1360000	0.036	42.058
1361000	0.038	42.095
1362000	0.038	42.134
1363000	0.039	42.172
1364000	0.039	42.212
1365000	0.041	42.253
1366000	0.041	42.294
1367000	0.041	42.335
1368000	0.044	42.379
1369000	0.042	42.421
1370000	0.041	42.462
1371000	0.041	42.503
1372000	0.043	42.546
1373000	0.043	42.589
1374000	0.044	42.633
1375000	0.044	42.677
1376000	0.045	42.722
1377000	0.045	42.768
1378000	0.045	42.813
1379000	0.046	42.858
1380000	0.046	42.904
1381000	0.047	42.950
1382000	0.046	42.996
1383000	0.045	43.042
1384000	0.046	43.088
1385000	0.046	43.134
1386000	0.045	43.179
1387000	0.046	43.224
1388000	0.045	43.269
1389000	0.045	43.314
1390000	0.045	43.359
1391000	0.044	43.403
1392000	0.045	43.447
1393000	0.045	43.492
1394000	0.045	43.537
1395000	0.044	43.581
1396000	0.045	43.626
1397000	0.046	43.672
1398000	0.045	43.718
1399000	0.046	43.764
1400000	0.046	43.810
1401000	0.046	43.856
1402000	0.047	43.903
1403000	0.047	43.950
1404000	0.048	43.998
1405000	0.049	44.047
1406000	0.048	44.094
1407000	0.047	44.142
1408000	0.048	44.189
1409000	0.046	44.236
1410000	0.046	44.282
1411000	0.045	44.327
1412000	0.047	44.374
1413000	0.048	44.422
1414000	0.050	44.471
1415000	0.050	44.522
1416000	0.052	44.574
1417000	0.053	44.627
1418000	0.054	44.681
1419000	0.053	44.734
1420000	0.055	44.789
1421000	0.055	44.845
1422000	0.053	44.898
1423000	0.051	44.950
1424000	0.052	45.002
1425000	0.050	45.052
1426000	0.047	45.099
1427000	0.047	45.146
1428000	0.046	45.192
1429000	0.046	45.238
1430000	0.047	45.285
1431000	0.049	45.334
1432000	0.049	45.383
1433000	0.050	45.434
1434000	0.049	45.483
1435000	0.049	45.532
1436000	0.048	45.580
1437000	0.048	45.628
1438000	0.048	45.675
1439000	0.047	45.722
1440000	0.047	45.769
1441000	0.047	45.816
1442000	0.046	45.862
1443000	0.047	45.909
1444000	0.047	45.956
1445000	0.047	46.002
1446000	0.046	46.049
1447000	0.046	46.095
1448000	0.046	46.141
1449000	0.044	46.185
1450000	0.045	46.231
1451000	0.046	46.277
1452000	0.048	46.324
1453000	0.049	46.373
1454000	0.048	46.421
1455000	0.047	46.469
1456000	0.047	46.515
1457000	0.047	46.563
1458000	0.046	46.609
1459000	0.045	46.654
1460000	0.043	46.697
1461000	0.042	46.738
1462000	0.040	46.778
1463000	0.039	46.817
1464000	0.038	46.856
1465000	0.037	46.893
1466000	0.037	46.930
1467000	0.036	46.966
1468000	0.034	47.000
1469000	0.035	47.035
1470000	0.035	47.070
1471000	0.034	47.104
1472000	0.032	47.137
1473000	0.032	47.168
1474000	0.031	47.199
1475000	0.030	47.229
1476000	0.029	47.258
1477000	0.028	47.286
1478000	0.027	47.313
1479000	0.026	47.339
1480000	0.026	47.365
1481000	0.024	47.389
1482000	0.025	47.414
1483000	0.024	47.438
1484000	0.023	47.461
1485000	0.023	47.485
1486000	0.022	47.507
1487000	0.021	47.528
1488000	0.020	47.548
1489000	0.020	47.568
1490000	0.018	47.585
1491000	0.017	47.602
1492000	0.016	47.619
1493000	0.015	47.634
1494000	0.013	47.647
1495000	0.011	47.658
1496000	0.009	47.667
1497000	0.007	47.674
1498000	0.005	47.679
1499000	0.004	47.683
1500000	0.004	47.687
1501000	0.002	47.689
1502000	0.001	47.691
1503000	0.001	47.692
1504000	0.003	47.694
1505000	0.002	47.697
1506000	0.004	47.701
1507000	0.006	47.706
1508000	0.005	47.711
1509000	0.006	47.717
1510000	0.006	47.723
1511000	0.005	47.728
1512000	0.004	47.732
1513000	0.002	47.733
1514000	-0.000	47.733
1515000	-0.002	47.731
1516000	-0.003	47.728
1517000	-0.006	47.723
1518000	-0.006	47.717
1519000	-0.005	47.712
1520000	-0.006	47.706
1521000	-0.008	47.698
1522000	-0.008	47.689
1523000	-0.007	47.682
1524000	-0.010	47.672
1525000	-0.010	47.663
1526000	-0.008	47.655
1527000	-0.010	47.645
1528000	-0.009	47.635
1529000	-0.010	47.625
1530000	-0.013	47.612
1531000	-0.015	47.597
1532000	-0.018	47.579
1533000	-0.021	47.558
1534000	-0.020	47.538
1535000	-0.023	47.516
1536000	-0.023	47.493
1537000	-0.023	47.470
1538000	-0.023	47.447
1539000	-0.023	47.424
1540000	-0.024	47.400
1541000	-0.026	47.374
1542000	-0.027	47.347
1543000	-0.029	47.319
1544000	-0.029	47.290
1545000	-0.030	47.259
1546000	-0.032	47.227
1547000	-0.032	47.194
1548000	-0.034	47.160
1549000	-0.035	47.126
1550000	-0.035	47.091
1551000	-0.035	47.056
1552000	-0.036	47.020
1553000	-0.035	46.985
1554000	-0.035	46.949
1555000	-0.035	46.914
1556000	-0.037	46.877
1557000	-0.037	46.840
1558000	-0.038	46.802
1559000	-0.038	46.765
1560000	-0.037	46.727
1561000	-0.037	46.691
1562000	-0.036	46.655
1563000	-0.037	46.618
1564000	-0.037	46.581
1565000	-0.036	46.545
1566000	-0.036	46.510
1567000	-0.035	46.474
1568000	-0.036	46.439
1569000	-0.037	46.401
1570000	-0.038	46.364
1571000	-0.037	46.327
1572000	-0.038	46.289
1573000	-0.037	46.252
1574000	-0.038	46.214
1575000	-0.037	46.177
1576000	-0.038	46.139
1577000	-0.039	46.099
1578000	-0.040	46.059
1579000	-0.040	46.019
1580000	-0.041	45.978
1581000	-0.040	45.938
1582000	-0.041	45.897
1583000	-0.041	45.856
1584000	-0.041	45.815
1585000	-0.041	45.774
1586000	-0.041	45.733
1587000	-0.042	45.690
1588000	-0.042	45.648
1589000	-0.042	45.606
1590000	-0.041	45.565
1591000	-0.041	45.524
1592000	-0.040	45.484
1593000	-0.041	45.443
1594000	-0.041	45.402
1595000	-0.040	45.362
1596000	-0.040	45.322
1597000	-0.038	45.284
1598000	-0.036	45.248
1599000	-0.037	45.212
1600000	-0.037	45.175
1601000	-0.036	45.139
1602000	-0.034	45.105
1603000	-0.034	45.070
1604000	-0.037	45.033
1605000	-0.038	44.995
1606000	-0.038	44.957
1607000	-0.040	44.917
1608000	-0.039	44.878
1609000	-0.040	44.838
1610000	-0.039	44.799
1611000	-0.039	44.760
1612000	-0.038	44.722
1613000	-0.037	44.685
1614000	-0.035	44.650
1615000	-0.034	44.616
1616000	-0.035	44.581
1617000	-0.034	44.547
1618000	-0.035	44.512
1619000	-0.035	44.477
1620000	-0.036	44.441
1621000	-0.034	44.408
1622000	-0.032	44.375
1623000	-0.033	44.342
1624000	-0.032	44.310
1625000	-0.032	44.278
1626000	-0.033	44.245
1627000	-0.032	44.213
1628000	-0.032	44.181
1629000	-0.032	44.148
1630000	-0.032	44.117
1631000	-0.031	44.086
1632000	-0.029	44.057
1633000	-0.027	44.030
1634000	-0.026	44.004
1635000	-0.026	43.978
1636000	-0.026	43.951
1637000	-0.027	43.924
1638000	-0.026	43.898
1639000	-0.025	43.873
1640000	-0.026	43.847
1641000	-0.025	43.822
1642000	-0.023	43.799
1643000	-0.022	43.778
1644000	-0.021	43.756
1645000	-0.020	43.736
1646000	-0.021	43.715
1647000	-0.022	43.693
1648000	-0.021	43.673
1649000	-0.020	43.653
1650000	-0.022	43.631
1651000	-0.023	43.608
1652000	-0.025	43.583
1653000	-0.026	43.557
1654000	-0.026	43.530
1655000	-0.027	43.504
1656000	-0.027	43.477
1657000	-0.027	43.450
1658000	-0.026	43.424
1659000	-0.026	43.397
1660000	-0.027	43.370
1661000	-0.028	43.342
1662000	-0.028	43.314
1663000	-0.029	43.285
1664000	-0.030	43.255
1665000	-0.031	43.223
1666000	-0.032	43.191
1667000	-0.032	43.159
1668000	-0.033	43.125
1669000	-0.032	43.094
1670000	-0.030	43.063
1671000	-0.031	43.032
1672000	-0.031	43.001
1673000	-0.031	42.969
1674000	-0.030	42.939
1675000	-0.030	42.908
1676000	-0.029	42.879
1677000	-0.027	42.852
1678000	-0.026	42.826
1679000	-0.026	42.801
1680000	-0.026	42.775
1681000	-0.026	42.748
1682000	-0.025	42.723
1683000	-0.024	42.699
1684000	-0.025	42.674
1685000	-0.024	42.650
1686000	-0.024	42.626
1687000	-0.024	42.602
1688000	-0.023	42.579
1689000	-0.024	42.555
1690000	-0.024	42.530
1691000	-0.026	42.505
1692000	-0.025	42.479
1693000	-0.024	42.455
1694000	-0.024	42.431
1695000	-0.025	42.406
1696000	-0.025	42.381
1697000	-0.025	42.355
1698000	-0.026	42.329
1699000	-0.025	42.304
1700000	-0.025	42.279
1701000	-0.026	42.253
1702000	-0.027	42.225
1703000	-0.028	42.198
1704000	-0.028	42.170
1705000	-0.028	42.142
1706000	-0.028	42.113
1707000	-0.029	42.085
1708000	-0.028	42.056
1709000	-0.029	42.027
1710000	-0.029	41.998
1711000	-0.030	41.968
1712000	-0.030	41.938
1713000	-0.029	41.909
1714000	-0.030	41.879
1715000	-0.031	41.847
1716000	-0.031	41.816
1717000	-0.031	41.786
1718000	-0.032	41.754
1719000	-0.033	41.721
1720000	-0.034	41.687
1721000	-0.034	41.653
1722000	-0.035	41.618
1723000	-0.035	41.583
1724000	-0.035	41.548
1725000	-0.035	41.513
1726000	-0.034	41.479
1727000	-0.035	41.445
1728000	-0.036	41.409
1729000	-0.036	41.373
1730000	-0.037	41.336
1731000	-0.038	41.298
1732000	-0.040	41.258
1733000	-0.040	41.217
1734000	-0.041	41.176
1735000	-0.040	41.136
1736000	-0.039	41.097
1737000	-0.038	41.060
1738000	-0.037	41.023
1739000	-0.036	40.987
1740000	-0.035	40.951
1741000	-0.035	40.916
1742000	-0.035	40.881
1743000	-0.036	40.845
1744000	-0.035	40.811
1745000	-0.037	40.774
1746000	-0.036	40.738
1747000	-0.035	40.703
1748000	-0.036	40.667
1749000	-0.037	40.630
1750000	-0.035	40.594
1751000	-0.034	40.560
1752000	-0.033	40.527
1753000	-0.033	40.494
1754000	-0.032	40.462
1755000	-0.033	40.430
1756000	-0.032	40.397
1757000	-0.034	40.364
1758000	-0.034	40.329
1759000	-0.035	40.294
1760000	-0.036	40.258
1761000	-0.035	40.223
1762000	-0.036	40.187
1763000	-0.035	40.152
1764000	-0.035	40.118
1765000	-0.034	40.084
1766000	-0.034	40.050
1767000	-0.034	40.016
1768000	-0.032	39.984
1769000	-0.033	39.951
1770000	-0.033	39.918
1771000	-0.034	39.885
1772000	-0.033	39.851
1773000	-0.033	39.818
1774000	-0.033	39.785
1775000	-0.034	39.751
1776000	-0.035	39.716
1777000	-0.035	39.681
1778000	-0.036	39.645
1779000	-0.036	39.609
1780000	-0.036	39.574
1781000	-0.037	39.537
1782000	-0.038	39.499
1783000	-0.038	39.461
1784000	-0.039	39.422
1785000	-0.039	39.383
1786000	-0.038	39.346
1787000	-0.037	39.309
1788000	-0.037	39.272
1789000	-0.038	39.234
1790000	-0.038	39.196
1791000	-0.039	39.157
1792000	-0.039	39.119
1793000	-0.038	39.081
1794000	-0.037	39.043
1795000	-0.036	39.007
1796000	-0.035	38.972
1797000	-0.035	38.938
1798000	-0.033	38.905
1799000	-0.033	38.872
1800000	-0.033	38.839
1801000	-0.033	38.806
1802000	-0.033	38.774
1803000	-0.032	38.742
1804000	-0.030	38.712
1805000	-0.030	38.683
1806000	-0.029	38.654
1807000	-0.029	38.624
1808000	-0.031	38.594
1809000	-0.031	38.563
1810000	-0.031	38.532
1811000	-0.032	38.500
1812000	-0.032	38.468
1813000	-0.033	38.435
1814000	-0.034	38.401
1815000	-0.034	38.367
1816000	-0.034	38.333
1817000	-0.033	38.299
1818000	-0.031	38.268
1819000	-0.030	38.238
1820000	-0.027	38.211
1821000	-0.027	38.184
1822000	-0.026	38.158
1823000	-0.027	38.131
1824000	-0.027	38.104
1825000	-0.027	38.077
1826000	-0.028	38.049
1827000	-0.027	38.022
1828000	-0.027	37.995
1829000	-0.026	37.969
1830000	-0.024	37.945
1831000	-0.024	37.920
1832000	-0.023	37.898
1833000	-0.024	37.874
1834000	-0.024	37.850
1835000	-0.025	37.826
1836000	-0.026	37.800
1837000	-0.026	37.774
1838000	-0.026	37.747
1839000	-0.027	37.720
1840000	-0.027	37.693
1841000	-0.028	37.665
1842000	-0.028	37.637
1843000	-0.029	37.609
1844000	-0.028	37.581
1845000	-0.027	37.554
1846000	-0.027	37.527
1847000	-0.026	37.502
1848000	-0.025	37.476
1849000	-0.026	37.451
1850000	-0.028	37.423
1851000	-0.028	37.395
1852000	-0.027	37.367
1853000	-0.027	37.340
1854000	-0.026	37.314
1855000	-0.025	37.289
1856000	-0.025	37.264
1857000	-0.025	37.239
1858000	-0.024	37.215
1859000	-0.023	37.192
1860000	-0.023	37.169
1861000	-0.022	37.146
1862000	-0.021	37.125
1863000	-0.022	37.103
1864000	-0.022	37.081
1865000	-0.024	37.057
1866000	-0.024	37.033
1867000	-0.024	37.009
1868000	-0.026	36.983
1869000	-0.027	36.956
1870000	-0.029	36.927
1871000	-0.028	36.899
1872000	-0.028	36.870
1873000	-0.029	36.842
1874000	-0.030	36.812
1875000	-0.030	36.781
1876000	-0.030	36.751
1877000	-0.031	36.720
1878000	-0.031	36.689
1879000	-0.032	36.657
1880000	-0.031	36.625
1881000	-0.031	36.594
1882000	-0.031	36.563
1883000	-0.032	36.531
1884000	-0.032	36.499
1885000	-0.033	36.466
1886000	-0.034	36.432
1887000	-0.035	36.397
1888000	-0.035	36.363
1889000	-0.034	36.329
1890000	-0.034	36.295
1891000	-0.031	36.264
1892000	-0.032	36.232
1893000	-0.033	36.199
1894000	-0.034	36.165
1895000	-0.034	36.131
1896000	-0.035	36.097
1897000	-0.035	36.062
1898000	-0.036	36.025
1899000	-0.037	35.988
1900000	-0.038	35.950
1901000	-0.037	35.913
1902000	-0.037	35.876
1903000	-0.038	35.838
1904000	-0.038	35.799
1905000	-0.040	35.760
1906000	-0.040	35.720
1907000	-0.039	35.681
1908000	-0.038	35.643
1909000	-0.037	35.606
1910000	-0.036	35.570
1911000	-0.035	35.535
1912000	-0.036	35.499
1913000	-0.035	35.464
1914000	-0.034	35.430
1915000	-0.033	35.397
1916000	-0.032	35.365
1917000	-0.031	35.334
1918000	-0.031	35.303
1919000	-0.032	35.270
1920000	-0.034	35.237
1921000	-0.034	35.203
1922000	-0.034	35.169
1923000	-0.032	35.137
1924000	-0.033	35.104
1925000	-0.032	35.072
1926000	-0.032	35.040
1927000	-0.032	35.008
1928000	-0.031	34.977
1929000	-0.034	34.943
1930000	-0.035	34.908
1931000	-0.034	34.874
1932000	-0.035	34.839
1933000	-0.035	34.803
1934000	-0.035	34.768
1935000	-0.034	34.734
1936000	-0.035	34.700
1937000	-0.035	34.665
1938000	-0.035	34.630
1939000	-0.037	34.593
1940000	-0.037	34.556
1941000	-0.036	34.520
1942000	-0.036	34.485
1943000	-0.036	34.449
1944000	-0.038	34.411
1945000	-0.037	34.374
1946000	-0.037	34.337
1947000	-0.037	34.300
1948000	-0.036	34.264
1949000	-0.035	34.229
1950000	-0.034	34.195
1951000	-0.034	34.161
1952000	-0.034	34.127
1953000	-0.034	34.093
1954000	-0.035	34.058
1955000	-0.034	34.024
1956000	-0.035	33.989
1957000	-0.033	33.956
1958000	-0.032	33.924
1959000	-0.033	33.890
1960000	-0.033	33.857
1961000	-0.034	33.823
1962000	-0.036	33.787
1963000	-0.036	33.752
1964000	-0.036	33.716
1965000	-0.036	33.680
1966000	-0.037	33.643
1967000	-0.036	33.606
1968000	-0.035	33.571
1969000	-0.035	33.536
1970000	-0.035	33.501
1971000	-0.034	33.467
1972000	-0.034	33.433
1973000	-0.032	33.401
1974000	-0.031	33.371
1975000	-0.030	33.341
1976000	-0.030	33.311
1977000	-0.029	33.282
1978000	-0.030	33.252
1979000	-0.028	33.224
1980000	-0.028	33.196
1981000	-0.029	33.167
1982000	-0.030	33.137
1983000	-0.030	33.107
1984000	-0.029	33.078
1985000	-0.029	33.049
1986000	-0.029	33.020
1987000	-0.029	32.991
1988000	-0.029	32.962
1989000	-0.029	32.932
1990000	-0.030	32.902
1991000	-0.031	32.871
1992000	-0.029	32.842
1993000	-0.029	32.813
1994000	-0.027	32.786
1995000	-0.027	32.759
1996000	-0.025	32.733
1997000	-0.024	32.709
1998000	-0.024	32.685
1999000	-0.024	32.661
2000000	-0.023	32.638
2001000	-0.022	32.616
2002000	-0.023	32.593
2003000	-0.022	32.570
2004000	-0.023	32.547
2005000	-0.023	32.524
2006000	-0.024	32.501
2007000	-0.026	32.475
2008000	-0.027	32.448
2009000	-0.028	32.420
2010000	-0.029	32.390
2011000	-0.031	32.359
2012000	-0.031	32.328
2013000	-0.031	32.297
2014000	-0.032	32.265
2015000	-0.033	32.232
2016000	-0.034	32.198
2017000	-0.035	32.163
2018000	-0.035	32.127
2019000	-0.035	32.092
2020000	-0.036	32.056
2021000	-0.036	32.020
2022000	-0.038	31.982
2023000	-0.038	31.944
2024000	-0.039	31.905
2025000	-0.040	31.865
2026000	-0.041	31.824
2027000	-0.041	31.783
2028000	-0.041	31.741
2029000	-0.040	31.701
2030000	-0.039	31.662
2031000	-0.040	31.622
2032000	-0.040	31.582
2033000	-0.040	31.542
2034000	-0.038	31.503
2035000	-0.040	31.463
2036000	-0.039	31.424
2037000	-0.038	31.386
2038000	-0.037	31.348
2039000	-0.036	31.312
2040000	-0.035	31.277
2041000	-0.036	31.241
2042000	-0.037	31.204
2043000	-0.037	31.167
2044000	-0.037	31.130
2045000	-0.037	31.094
2046000	-0.035	31.059
2047000	-0.035	31.023
2048000	-0.036	30.987
2049000	-0.035	30.952
2050000	-0.036	30.915
2051000	-0.036	30.879
2052000	-0.037	30.842
2053000	-0.037	30.805
2054000	-0.037	30.769
2055000	-0.038	30.731
2056000	-0.037	30.694
2057000	-0.037	30.657
2058000	-0.038	30.620
2059000	-0.036	30.584
2060000	-0.034	30.550
2061000	-0.032	30.518
2062000	-0.032	30.486
2063000	-0.030	30.456
2064000	-0.029	30.427
2065000	-0.027	30.399
2066000	-0.026	30.374
2067000	-0.026	30.348
2068000	-0.026	30.322
2069000	-0.026	30.296
2070000	-0.025	30.271
2071000	-0.025	30.245
2072000	-0.025	30.220
2073000	-0.028	30.192
2074000	-0.030	30.162
2075000	-0.031	30.132
2076000	-0.031	30.100
2077000	-0.032	30.068
2078000	-0.031	30.037
2079000	-0.032	30.005
2080000	-0.032	29.973
2081000	-0.031	29.943
2082000	-0.028	29.915
2083000	-0.028	29.886
2084000	-0.029	29.858
2085000	-0.029	29.829
2086000	-0.027	29.801
2087000	-0.028	29.774
2088000	-0.027	29.747
2089000	-0.028	29.719
2090000	-0.028	29.691
2091000	-0.030	29.661
2092000	-0.031	29.630
2093000	-0.031	29.599
2094000	-0.032	29.568
2095000	-0.032	29.535
2096000	-0.033	29.502
2097000	-0.034	29.468
2098000	-0.033	29.435
2099000	-0.034	29.401
2100000	-0.035	29.367
2101000	-0.033	29.333
2102000	-0.033	29.300
2103000	-0.034	29.266
2104000	-0.033	29.233
2105000	-0.032	29.201
2106000	-0.031	29.170
2107000	-0.030	29.139
2108000	-0.029	29.110
2109000	-0.028	29.083
2110000	-0.027	29.056
2111000	-0.025	29.031
2112000	-0.024	29.007
2113000	-0.024	28.982
2114000	-0.024	28.959
2115000	-0.024	28.935
2116000	-0.024	28.910
2117000	-0.025	28.885
2118000	-0.027	28.858
2119000	-0.027	28.830
2120000	-0.027	28.804
2121000	-0.027	28.776
2122000	-0.027	28.749
2123000	-0.027	28.722
2124000	-0.025	28.697
2125000	-0.024	28.673
2126000	-0.024	28.649
2127000	-0.023	28.626
2128000	-0.024	28.601
2129000	-0.024	28.577
2130000	-0.025	28.552
2131000	-0.025	28.528
2132000	-0.024	28.504
2133000	-0.023	28.481
2134000	-0.023	28.458
2135000	-0.023	28.436
2136000	-0.021	28.415
2137000	-0.021	28.394
2138000	-0.022	28.372
2139000	-0.023	28.349
2140000	-0.024	28.325
2141000	-0.023	28.301
2142000	-0.024	28.278
2143000	-0.024	28.253
2144000	-0.024	28.230
2145000	-0.024	28.206
2146000	-0.026	28.180
2147000	-0.026	28.154
2148000	-0.025	28.129
2149000	-0.027	28.102
2150000	-0.027	28.075
2151000	-0.026	28.049
2152000	-0.026	28.023
2153000	-0.025	27.998
2154000	-0.026	27.972
2155000	-0.026	27.946
2156000	-0.027	27.919
2157000	-0.027	27.892
2158000	-0.028	27.864
2159000	-0.029	27.835
2160000	-0.031	27.804
2161000	-0.033	27.771
2162000	-0.034	27.736
2163000	-0.036	27.700
2164000	-0.037	27.663
2165000	-0.037	27.627
2166000	-0.036	27.591
2167000	-0.037	27.554
2168000	-0.035	27.519
2169000	-0.034	27.485
2170000	-0.034	27.451
2171000	-0.034	27.417
2172000	-0.035	27.382
2173000	-0.033	27.349
2174000	-0.032	27.316
2175000	-0.031	27.285
2176000	-0.029	27.256
2177000	-0.028	27.227
2178000	-0.029	27.199
2179000	-0.030	27.168
2180000	-0.030	27.138
2181000	-0.031	27.107
2182000	-0.032	27.076
2183000	-0.031	27.045
2184000	-0.032	27.013
2185000	-0.031	26.982
2186000	-0.032	26.950
2187000	-0.033	26.918
2188000	-0.034	26.884
2189000	-0.035	26.849
2190000	-0.033	26.816
2191000	-0.031	26.785
2192000	-0.031	26.754
2193000	-0.032	26.722
2194000	-0.033	26.690
2195000	-0.033	26.656
2196000	-0.035	26.621
2197000	-0.036	26.584
2198000	-0.037	26.547
2199000	-0.037	26.511
2200000	-0.037	26.473
2201000	-0.039	26.434
2202000	-0.039	26.396
2203000	-0.039	26.356
2204000	-0.039	26.318
2205000	-0.039	26.279
2206000	-0.040	26.239
2207000	-0.040	26.198
2208000	-0.041	26.157
2209000	-0.043	26.115
2210000	-0.043	26.071
2211000	-0.044	26.028
2212000	-0.044	25.984
2213000	-0.043	25.941
2214000	-0.043	25.897
2215000	-0.043	25.854
2216000	-0.042	25.812
2217000	-0.040	25.772
2218000	-0.041	25.732
2219000	-0.040	25.692
2220000	-0.040	25.651
2221000	-0.040	25.611
2222000	-0.040	25.572
2223000	-0.040	25.532
2224000	-0.041	25.491
2225000	-0.040	25.451
2226000	-0.040	25.411
2227000	-0.040	25.371
2228000	-0.038	25.333
2229000	-0.038	25.294
2230000	-0.038	25.256
2231000	-0.039	25.217
2232000	-0.040	25.177
2233000	-0.041	25.137
2234000	-0.041	25.096
2235000	-0.041	25.054
2236000	-0.043	25.011
2237000	-0.044	24.967
2238000	-0.044	24.923
2239000	-0.044	24.879
2240000	-0.043	24.836
2241000	-0.044	24.793
2242000	-0.043	24.750
2243000	-0.044	24.706
2244000	-0.045	24.661
2245000	-0.046	24.615
2246000	-0.046	24.570
2247000	-0.045	24.524
2248000	-0.045	24.479
2249000	-0.044	24.435
2250000	-0.045	24.390
2251000	-0.047	24.343
2252000	-0.048	24.295
2253000	-0.049	24.246
2254000	-0.048	24.197
2255000	-0.047	24.150
2256000	-0.047	24.103
2257000	-0.046	24.057
2258000	-0.045	24.012
2259000	-0.045	23.966
2260000	-0.046	23.920
2261000	-0.045	23.876
2262000	-0.044	23.831
2263000	-0.044	23.787
2264000	-0.043	23.744
2265000	-0.044	23.700
2266000	-0.045	23.655
2267000	-0.045	23.610
2268000	-0.045	23.565
2269000	-0.045	23.520
2270000	-0.045	23.475
2271000	-0.045	23.430
2272000	-0.044	23.386
2273000	-0.043	23.343
2274000	-0.043	23.300
2275000	-0.045	23.255
2276000	-0.047	23.208
2277000	-0.048	23.161
2278000	-0.048	23.113
2279000	-0.048	23.065
2280000	-0.048	23.017
2281000	-0.048	22.969
2282000	-0.049	22.920
2283000	-0.049	22.871
2284000	-0.049	22.821
2285000	-0.050	22.772
2286000	-0.050	22.721
2287000	-0.049	22.672
2288000	-0.048	22.625
2289000	-0.047	22.577
2290000	-0.046	22.531
2291000	-0.047	22.484
2292000	-0.047	22.437
2293000	-0.046	22.391
2294000	-0.045	22.347
2295000	-0.044	22.303
2296000	-0.043	22.259
2297000	-0.043	22.217
2298000	-0.043	22.174
2299000	-0.042	22.132
2300000	-0.041	22.090
2301000	-0.042	22.049
2302000	-0.042	22.006
2303000	-0.041	21.965
2304000	-0.041	21.924
2305000	-0.042	21.882
2306000	-0.042	21.840
2307000	-0.041	21.799
2308000	-0.041	21.758
2309000	-0.041	21.717
2310000	-0.041	21.676
2311000	-0.042	21.634
2312000	-0.044	21.591
2313000	-0.044	21.547
2314000	-0.043	21.504
2315000	-0.043	21.461
2316000	-0.045	21.416
2317000	-0.045	21.371
2318000	-0.043	21.327
2319000	-0.042	21.285
2320000	-0.043	21.242
2321000	-0.043	21.200
2322000	-0.042	21.158
2323000	-0.041	21.116
2324000	-0.042	21.074
2325000	-0.043	21.032
2326000	-0.044	20.988
2327000	-0.045	20.943
2328000	-0.045	20.898
2329000	-0.045	20.853
2330000	-0.043	20.810
2331000	-0.043	20.767
2332000	-0.044	20.723
2333000	-0.045	20.678
2334000	-0.046	20.633
2335000	-0.046	20.587
2336000	-0.046	20.541
2337000	-0.046	20.495
2338000	-0.046	20.448
2339000	-0.046	20.402
2340000	-0.048	20.355
2341000	-0.047	20.308
2342000	-0.046	20.262
2343000	-0.044	20.217
2344000	-0.042	20.176
2345000	-0.042	20.134
2346000	-0.042	20.092
2347000	-0.042	20.050
2348000	-0.041	20.008
2349000	-0.041	19.967
2350000	-0.040	19.927
2351000	-0.039	19.887
2352000	-0.039	19.848
2353000	-0.038	19.810
2354000	-0.038	19.772
2355000	-0.040	19.732
2356000	-0.040	19.692
2357000	-0.040	19.652
2358000	-0.041	19.611
2359000	-0.041	19.569
2360000	-0.041	19.529
2361000	-0.040	19.489
2362000	-0.040	19.449
2363000	-0.041	19.408
2364000	-0.040	19.368
2365000	-0.040	19.328
2366000	-0.039	19.288
2367000	-0.039	19.249
2368000	-0.038	19.211
2369000	-0.038	19.173
2370000	-0.038	19.135
2371000	-0.039	19.096
2372000	-0.040	19.056
2373000	-0.042	19.014
2374000	-0.041	18.973
2375000	-0.040	18.933
2376000	-0.038	18.895
2377000	-0.038	18.857
2378000	-0.038	18.819
2379000	-0.036	18.783
2380000	-0.035	18.747
2381000	-0.035	18.712
2382000	-0.035	18.678
2383000	-0.035	18.642
2384000	-0.034	18.608
2385000	-0.033	18.575
2386000	-0.033	18.542
2387000	-0.033	18.509
2388000	-0.034	18.475
2389000	-0.033	18.441
2390000	-0.035	18.406
2391000	-0.035	18.370
2392000	-0.036	18.335
2393000	-0.036	18.299
2394000	-0.035	18.263
2395000	-0.036	18.228
2396000	-0.036	18.192
2397000	-0.035	18.157
2398000	-0.035	18.121
2399000	-0.035	18.086
2400000	-0.035	18.052
2401000	-0.033	18.019
2402000	-0.032	17.987
2403000	-0.033	17.953
2404000	-0.034	17.920
2405000	-0.033	17.886
2406000	-0.034	17.852
2407000	-0.035	17.818
2408000	-0.034	17.784
2409000	-0.033	17.751
2410000	-0.034	17.717
2411000	-0.032	17.685
2412000	-0.031	17.654
2413000	-0.032	17.622
2414000	-0.032	17.590
2415000	-0.031	17.559
2416000	-0.030	17.529
2417000	-0.031	17.498
2418000	-0.031	17.466
2419000	-0.031	17.435
2420000	-0.031	17.404
2421000	-0.031	17.373
2422000	-0.031	17.342
2423000	-0.033	17.309
2424000	-0.033	17.276
2425000	-0.034	17.242
2426000	-0.033	17.209
2427000	-0.033	17.176
2428000	-0.032	17.144
2429000	-0.034	17.110
2430000	-0.036	17.074
2431000	-0.034	17.040
2432000	-0.033	17.007
2433000	-0.032	16.975
2434000	-0.031	16.943
2435000	-0.030	16.914
2436000	-0.028	16.886
2437000	-0.027	16.858
2438000	-0.026	16.832
2439000	-0.027	16.805
2440000	-0.027	16.778
2441000	-0.027	16.751
2442000	-0.028	16.723
2443000	-0.030	16.693
2444000	-0.031	16.662
2445000	-0.031	16.631
2446000	-0.031	16.600
2447000	-0.030	16.570
2448000	-0.030	16.540
2449000	-0.030	16.510
2450000	-0.030	16.480
2451000	-0.030	16.450
2452000	-0.031	16.419
2453000	-0.031	16.387
2454000	-0.031	16.356
2455000	-0.031	16.326
2456000	-0.031	16.295
2457000	-0.031	16.264
2458000	-0.030	16.234
2459000	-0.030	16.204
2460000	-0.029	16.175
2461000	-0.028	16.147
2462000	-0.027	16.120
2463000	-0.025	16.095
2464000	-0.024	16.071
2465000	-0.023	16.048
2466000	-0.023	16.025
2467000	-0.023	16.001
2468000	-0.024	15.977
2469000	-0.026	15.950
2470000	-0.028	15.922
2471000	-0.028	15.894
2472000	-0.028	15.866
2473000	-0.028	15.838
2474000	-0.029	15.809
2475000	-0.029	15.780
2476000	-0.030	15.750
2477000	-0.031	15.719
2478000	-0.031	15.688
2479000	-0.032	15.656
2480000	-0.033	15.623
2481000	-0.032	15.592
2482000	-0.030	15.561
2483000	-0.031	15.531
2484000	-0.032	15.499
2485000	-0.032	15.467
2486000	-0.032	15.435
2487000	-0.031	15.404
2488000	-0.031	15.373
2489000	-0.030	15.343
2490000	-0.029	15.314
2491000	-0.028	15.286
2492000	-0.027	15.260
2493000	-0.025	15.235
2494000	-0.026	15.209
2495000	-0.027	15.182
2496000	-0.026	15.155
2497000	-0.027	15.128
2498000	-0.027	15.101
2499000	-0.028	15.073
2500000	-0.029	15.044
2501000	-0.029	15.015
2502000	-0.030	14.985
2503000	-0.028	14.957
2504000	-0.028	14.929
2505000	-0.028	14.902
2506000	-0.026	14.876
2507000	-0.024	14.852
2508000	-0.024	14.828
2509000	-0.024	14.804
2510000	-0.022	14.781
2511000	-0.024	14.758
2512000	-0.022	14.735
2513000	-0.022	14.714
2514000	-0.021	14.693
2515000	-0.021	14.672
2516000	-0.022	14.651
2517000	-0.021	14.630
2518000	-0.020	14.610
2519000	-0.022	14.588
2520000	-0.022	14.566
2521000	-0.022	14.544
2522000	-0.021	14.523
2523000	-0.019	14.504
2524000	-0.019	14.485
2525000	-0.018	14.467
2526000	-0.018	14.450
2527000	-0.016	14.433
2528000	-0.017	14.416
2529000	-0.016	14.400
2530000	-0.016	14.384
2531000	-0.015	14.369
2532000	-0.015	14.353
2533000	-0.016	14.338
2534000	-0.017	14.321
2535000	-0.017	14.304
2536000	-0.018	14.286
2537000	-0.019	14.267
2538000	-0.020	14.247
2539000	-0.020	14.226
2540000	-0.021	14.205
2541000	-0.021	14.184
2542000	-0.021	14.163
2543000	-0.020	14.143
2544000	-0.021	14.122
2545000	-0.020	14.102
2546000	-0.020	14.083
2547000	-0.022	14.061
2548000	-0.023	14.038
2549000	-0.023	14.015
2550000	-0.025	13.989
2551000	-0.025	13.964
2552000	-0.024	13.941
2553000	-0.023	13.918
2554000	-0.023	13.895
2555000	-0.023	13.872
2556000	-0.023	13.849
2557000	-0.023	13.825
2558000	-0.024	13.801
2559000	-0.024	13.778
2560000	-0.025	13.753
2561000	-0.026	13.727
2562000	-0.027	13.701
2563000	-0.028	13.673
2564000	-0.029	13.643
2565000	-0.031	13.612
2566000	-0.032	13.580
2567000	-0.032	13.549
2568000	-0.032	13.517
2569000	-0.032	13.485
2570000	-0.030	13.454
2571000	-0.030	13.424
2572000	-0.029	13.395
2573000	-0.027	13.368
2574000	-0.026	13.342
2575000	-0.027	13.314
2576000	-0.028	13.286
2577000	-0.028	13.258
2578000	-0.029	13.229
2579000	-0.030	13.199
2580000	-0.031	13.168
2581000	-0.032	13.136
2582000	-0.034	13.103
2583000	-0.033	13.070
2584000	-0.031	13.039
2585000	-0.030	13.009
2586000	-0.031	12.978
2587000	-0.030	12.948
2588000	-0.030	12.918
2589000	-0.031	12.886
2590000	-0.032	12.854
2591000	-0.033	12.821
2592000	-0.033	12.788
2593000	-0.035	12.752
2594000	-0.035	12.717
2595000	-0.034	12.683
2596000	-0.033	12.650
2597000	-0.033	12.617
2598000	-0.032	12.585
2599000	-0.032	12.552
2600000	-0.031	12.521
2601000	-0.032	12.490
2602000	-0.032	12.458
2603000	-0.033	12.425
2604000	-0.033	12.392
2605000	-0.034	12.358
2606000	-0.036	12.322
2607000	-0.036	12.286
2608000	-0.037	12.249
2609000	-0.037	12.212
2610000	-0.038	12.174
2611000	-0.038	12.136
2612000	-0.038	12.098
2613000	-0.039	12.060
2614000	-0.039	12.020
2615000	-0.040	11.980
2616000	-0.039	11.941
2617000	-0.039	11.902
2618000	-0.041	11.861
2619000	-0.040	11.820
2620000	-0.040	11.781
2621000	-0.039	11.741
2622000	-0.040	11.701
2623000	-0.040	11.661
2624000	-0.039	11.622
2625000	-0.039	11.582
2626000	-0.040	11.542
2627000	-0.041	11.501
2628000	-0.043	11.458
2629000	-0.045	11.413
2630000	-0.045	11.368
2631000	-0.047	11.321
2632000	-0.047	11.274
2633000	-0.049	11.225
2634000	-0.048	11.177
2635000	-0.049	11.128
2636000	-0.049	11.079
2637000	-0.048	11.030
2638000	-0.047	10.983
2639000	-0.046	10.937
2640000	-0.046	10.891
2641000	-0.046	10.845
2642000	-0.046	10.799
2643000	-0.047	10.752
2644000	-0.047	10.705
2645000	-0.047	10.658
2646000	-0.048	10.610
2647000	-0.048	10.562
2648000	-0.048	10.514
2649000	-0.047	10.467
2650000	-0.046	10.421
2651000	-0.046	10.376
2652000	-0.046	10.330
2653000	-0.047	10.283
2654000	-0.047	10.236
2655000	-0.047	10.189
2656000	-0.047	10.142
2657000	-0.046	10.096
2658000	-0.046	10.050
2659000	-0.046	10.004
2660000	-0.045	9.959
2661000	-0.044	9.915
2662000	-0.044	9.871
2663000	-0.044	9.827
2664000	-0.043	9.784
2665000	-0.043	9.741
2666000	-0.042	9.699
2667000	-0.042	9.657
2668000	-0.041	9.616
2669000	-0.041	9.575
2670000	-0.040	9.536
2671000	-0.040	9.496
2672000	-0.040	9.456
2673000	-0.041	9.414
2674000	-0.042	9.372
2675000	-0.041	9.331
2676000	-0.040	9.291
2677000	-0.039	9.252
2678000	-0.038	9.215
2679000	-0.038	9.177
2680000	-0.037	9.140
2681000	-0.038	9.102
2682000	-0.039	9.064
2683000	-0.039	9.025
2684000	-0.041	8.983
2685000	-0.042	8.941
2686000	-0.043	8.898
2687000	-0.044	8.854
2688000	-0.044	8.809
2689000	-0.044	8.765
2690000	-0.044	8.721
2691000	-0.043	8.678
2692000	-0.044	8.635
2693000	-0.041	8.593
2694000	-0.040	8.554
2695000	-0.039	8.515
2696000	-0.039	8.477
2697000	-0.039	8.438
2698000	-0.038	8.400
2699000	-0.038	8.362
2700000	-0.038	8.324
2701000	-0.038	8.286
2702000	-0.037	8.250
2703000	-0.037	8.213
2704000	-0.036	8.177
2705000	-0.036	8.141
2706000	-0.035	8.106
2707000	-0.034	8.072
2708000	-0.034	8.038
2709000	-0.034	8.004
2710000	-0.033	7.970
2711000	-0.033	7.937
2712000	-0.034	7.904
2713000	-0.032	7.871
2714000	-0.032	7.839
2715000	-0.031	7.808
2716000	-0.032	7.776
2717000	-0.033	7.743
2718000	-0.033	7.710
2719000	-0.032	7.678
2720000	-0.034	7.644
2721000	-0.035	7.609
2722000	-0.035	7.574
2723000	-0.037	7.537
2724000	-0.038	7.499
2725000	-0.038	7.461
2726000	-0.038	7.423
2727000	-0.037	7.386
2728000	-0.035	7.351
2729000	-0.033	7.319
2730000	-0.032	7.287
2731000	-0.029	7.258
2732000	-0.030	7.228
2733000	-0.029	7.198
2734000	-0.028	7.170
2735000	-0.027	7.143
2736000	-0.028	7.115
2737000	-0.029	7.087
2738000	-0.029	7.058
2739000	-0.029	7.029
2740000	-0.029	7.000
2741000	-0.027	6.973
2742000	-0.026	6.947
2743000	-0.025	6.922
2744000	-0.026	6.896
2745000	-0.025	6.871
2746000	-0.023	6.848
2747000	-0.024	6.824
2748000	-0.023	6.801
2749000	-0.024	6.777
2750000	-0.025	6.751
2751000	-0.024	6.727
2752000	-0.024	6.704
2753000	-0.023	6.681
2754000	-0.022	6.659
2755000	-0.021	6.638
2756000	-0.020	6.618
2757000	-0.020	6.598
2758000	-0.020	6.577
2759000	-0.019	6.558
2760000	-0.019	6.538
2761000	-0.020	6.518
2762000	-0.020	6.498
2763000	-0.020	6.478
2764000	-0.020	6.459
2765000	-0.020	6.439
2766000	-0.019	6.419
2767000	-0.019	6.401
2768000	-0.020	6.381
2769000	-0.019	6.361
2770000	-0.021	6.340
2771000	-0.022	6.317
2772000	-0.023	6.294
2773000	-0.023	6.271
2774000	-0.024	6.247
2775000	-0.026	6.221
2776000	-0.025	6.196
2777000	-0.025	6.171
2778000	-0.023	6.147
2779000	-0.023	6.124
2780000	-0.024	6.100
2781000	-0.024	6.076
2782000	-0.024	6.053
2783000	-0.023	6.030
2784000	-0.022	6.007
2785000	-0.023	5.985
2786000	-0.023	5.962
2787000	-0.022	5.940
2788000	-0.023	5.917
2789000	-0.024	5.893
2790000	-0.024	5.869
2791000	-0.024	5.845
2792000	-0.024	5.820
2793000	-0.025	5.795
2794000	-0.025	5.770
2795000	-0.025	5.745
2796000	-0.027	5.717
2797000	-0.029	5.688
2798000	-0.029	5.659
2799000	-0.029	5.630
2800000	-0.029	5.601
2801000	-0.030	5.571
2802000	-0.030	5.541
2803000	-0.029	5.512
2804000	-0.028	5.484
2805000	-0.028	5.456
2806000	-0.030	5.426
2807000	-0.030	5.396
2808000	-0.030	5.366
2809000	-0.031	5.335
2810000	-0.031	5.304
2811000	-0.032	5.272
2812000	-0.033	5.239
2813000	-0.034	5.206
2814000	-0.036	5.170
2815000	-0.036	5.134
2816000	-0.035	5.100
2817000	-0.034	5.065
2818000	-0.033	5.032
2819000	-0.034	4.998
2820000	-0.033	4.965
2821000	-0.033	4.932
2822000	-0.035	4.897
2823000	-0.034	4.863
2824000	-0.035	4.828
2825000	-0.035	4.794
2826000	-0.034	4.759
2827000	-0.034	4.725
2828000	-0.035	4.690
2829000	-0.035	4.655
2830000	-0.036	4.619
2831000	-0.035	4.584
2832000	-0.033	4.551
2833000	-0.034	4.516
2834000	-0.036	4.480
2835000	-0.037	4.443
2836000	-0.036	4.407
2837000	-0.035	4.372
2838000	-0.035	4.337
2839000	-0.034	4.304
2840000	-0.033	4.271
2841000	-0.034	4.237
2842000	-0.036	4.200
2843000	-0.037	4.164
2844000	-0.035	4.128
2845000	-0.035	4.094
2846000	-0.037	4.056
2847000	-0.037	4.019
2848000	-0.037	3.983
2849000	-0.036	3.947
2850000	-0.036	3.911
2851000	-0.036	3.875
2852000	-0.036	3.839
2853000	-0.037	3.801
2854000	-0.039	3.762
2855000	-0.040	3.722
2856000	-0.041	3.682
2857000	-0.041	3.641
2858000	-0.041	3.599
2859000	-0.042	3.557
2860000	-0.043	3.514
2861000	-0.043	3.471
2862000	-0.043	3.427
2863000	-0.044	3.383
2864000	-0.046	3.336
2865000	-0.046	3.290
2866000	-0.046	3.244
2867000	-0.047	3.196
2868000	-0.047	3.149
2869000	-0.048	3.101
2870000	-0.047	3.054
2871000	-0.045	3.009
2872000	-0.044	2.964
2873000	-0.044	2.920
2874000	-0.045	2.875
2875000	-0.044	2.831
2876000	-0.044	2.787
2877000	-0.044	2.742
2878000	-0.045	2.697
2879000	-0.045	2.651
2880000	-0.044	2.607
2881000	-0.045	2.562
2882000	-0.045	2.517
2883000	-0.045	2.472
2884000	-0.046	2.426
2885000	-0.045	2.381
2886000	-0.045	2.335
2887000	-0.045	2.290
2888000	-0.044	2.246
2889000	-0.044	2.202
2890000	-0.043	2.158
2891000	-0.044	2.114
2892000	-0.044	2.070
2893000	-0.045	2.026
2894000	-0.046	1.980
2895000	-0.047	1.933
2896000	-0.046	1.887
2897000	-0.045	1.842
2898000	-0.046	1.796
2899000	-0.047	1.749
2900000	-0.047	1.703
2901000	-0.046	1.657
2902000	-0.046	1.610
2903000	-0.048	1.563
2904000	-0.048	1.515
2905000	-0.048	1.467
2906000	-0.048	1.419
2907000	-0.049	1.369
2908000	-0.049	1.320
2909000	-0.047	1.273
2910000	-0.047	1.225
2911000	-0.046	1.179
2912000	-0.045	1.134
2913000	-0.044	1.090
2914000	-0.044	1.045
2915000	-0.045	1.001
2916000	-0.046	0.955
2917000	-0.047	0.908
2918000	-0.048	0.861
2919000	-0.047	0.814
2920000	-0.046	0.768
2921000	-0.044	0.725
2922000	-0.042	0.682
2923000	-0.042	0.640
2924000	-0.040	0.600
2925000	-0.039	0.561
2926000	-0.038	0.523
2927000	-0.038	0.485
2928000	-0.037	0.447
2929000	-0.037	0.410
2930000	-0.038	0.372
2931000	-0.040	0.332
2932000	-0.040	0.291
2933000	-0.038	0.253
2934000	-0.037	0.216
2935000	-0.036	0.180
2936000	-0.037	0.143
2937000	-0.038	0.105
2938000	-0.039	0.067
2939000	-0.040	0.027
2940000	-0.041	-0.014
2941000	-0.041	-0.054
2942000	-0.039	-0.094
2943000	-0.039	-0.133
2944000	-0.039	-0.172
2945000	-0.039	-0.211
2946000	-0.038	-0.249
2947000	-0.037	-0.287
2948000	-0.037	-0.324
2949000	-0.036	-0.361
2950000	-0.037	-0.398
2951000	-0.039	-0.437
2952000	-0.038	-0.475
2953000	-0.039	-0.513
2954000	-0.039	-0.553
2955000	-0.038	-0.590
2956000	-0.038	-0.628
2957000	-0.037	-0.665
2958000	-0.037	-0.702
2959000	-0.037	-0.739
2960000	-0.037	-0.776
2961000	-0.037	-0.812
2962000	-0.037	-0.850
2963000	-0.036	-0.886
2964000	-0.034	-0.920
2965000	-0.034	-0.955
2966000	-0.034	-0.989
2967000	-0.034	-1.023
2968000	-0.033	-1.056
2969000	-0.033	-1.088
2970000	-0.034	-1.123
2971000	-0.035	-1.157
2972000	-0.034	-1.192
2973000	-0.034	-1.226
2974000	-0.033	-1.259
2975000	-0.033	-1.292
2976000	-0.035	-1.326
2977000	-0.036	-1.363
2978000	-0.037	-1.400
2979000	-0.037	-1.437
2980000	-0.038	-1.475
2981000	-0.036	-1.511
2982000	-0.035	-1.546
2983000	-0.033	-1.579
2984000	-0.033	-1.611
2985000	-0.032	-1.644
2986000	-0.032	-1.676
2987000	-0.032	-1.708
2988000	-0.032	-1.741
2989000	-0.032	-1.773
2990000	-0.033	-1.806
2991000	-0.032	-1.838
2992000	-0.031	-1.869
2993000	-0.031	-1.900
2994000	-0.030	-1.930
2995000	-0.031	-1.961
2996000	-0.030	-1.992
2997000	-0.029	-2.020
2998000	-0.028	-2.048
2999000	-0.027	-2.075
3000000	-0.027	-2.103
3001000	-0.027	-2.130
3002000	-0.028	-2.158
3003000	-0.029	-2.187
3004000	-0.029	-2.215
3005000	-0.028	-2.243
3006000	-0.027	-2.271
3007000	-0.027	-2.298
3008000	-0.029	-2.326
3009000	-0.029	-2.355
3010000	-0.029	-2.384
3011000	-0.030	-2.414
3012000	-0.031	-2.445
3013000	-0.031	-2.476
3014000	-0.030	-2.506
3015000	-0.030	-2.537
3016000	-0.030	-2.566
3017000	-0.030	-2.596
3018000	-0.030	-2.626
3019000	-0.030	-2.656
3020000	-0.030	-2.686
3021000	-0.032	-2.718
3022000	-0.032	-2.750
3023000	-0.032	-2.782
3024000	-0.034	-2.817
3025000	-0.036	-2.852
3026000	-0.036	-2.889
3027000	-0.037	-2.926
3028000	-0.038	-2.964
3029000	-0.038	-3.002
3030000	-0.037	-3.039
3031000	-0.036	-3.076
3032000	-0.037	-3.112
3033000	-0.038	-3.150
3034000	-0.038	-3.188
3035000	-0.038	-3.225
3036000	-0.038	-3.263
3037000	-0.037	-3.300
3038000	-0.037	-3.338
3039000	-0.038	-3.376
3040000	-0.036	-3.411
3041000	-0.036	-3.447
3042000	-0.037	-3.484
3043000	-0.037	-3.521
3044000	-0.038	-3.559
3045000	-0.039	-3.598
3046000	-0.039	-3.637
3047000	-0.038	-3.675
3048000	-0.039	-3.714
3049000	-0.039	-3.753
3050000	-0.038	-3.791
3051000	-0.037	-3.829
3052000	-0.038	-3.866
3053000	-0.037	-3.903
3054000	-0.035	-3.938
3055000	-0.036	-3.975
3056000	-0.036	-4.010
3057000	-0.036	-4.047
3058000	-0.036	-4.083
3059000	-0.036	-4.119
3060000	-0.035	-4.154
3061000	-0.035	-4.188
3062000	-0.035	-4.223
3063000	-0.035	-4.258
3064000	-0.035	-4.294
3065000	-0.036	-4.330
3066000	-0.037	-4.367
3067000	-0.037	-4.403
3068000	-0.037	-4.440
3069000	-0.037	-4.477
3070000	-0.036	-4.514
3071000	-0.036	-4.549
3072000	-0.036	-4.585
3073000	-0.036	-4.621
3074000	-0.036	-4.657
3075000	-0.037	-4.694
3076000	-0.035	-4.729
3077000	-0.034	-4.763
3078000	-0.034	-4.797
3079000	-0.034	-4.831
3080000	-0.034	-4.865
3081000	-0.034	-4.899
3082000	-0.034	-4.933
3083000	-0.035	-4.968
3084000	-0.035	-5.003
3085000	-0.035	-5.038
3086000	-0.035	-5.073
3087000	-0.034	-5.107
3088000	-0.033	-5.140
3089000	-0.033	-5.173
3090000	-0.033	-5.206
3091000	-0.033	-5.239
3092000	-0.033	-5.272
3093000	-0.035	-5.307
3094000	-0.034	-5.342
3095000	-0.032	-5.374
3096000	-0.033	-5.407
3097000	-0.035	-5.442
3098000	-0.036	-5.478
3099000	-0.037	-5.515
3100000	-0.038	-5.553
3101000	-0.039	-5.592
3102000	-0.037	-5.629
3103000	-0.036	-5.665
3104000	-0.037	-5.702
3105000	-0.039	-5.741
3106000	-0.039	-5.780
3107000	-0.039	-5.819
3108000	-0.037	-5.857
3109000	-0.037	-5.894
3110000	-0.037	-5.931
3111000	-0.037	-5.968
3112000	-0.036	-6.005
3113000	-0.036	-6.040
3114000	-0.035	-6.075
3115000	-0.034	-6.109
3116000	-0.035	-6.144
3117000	-0.034	-6.178
3118000	-0.033	-6.211
3119000	-0.035	-6.246
3120000	-0.035	-6.280
3121000	-0.033	-6.314
3122000	-0.034	-6.348
3123000	-0.034	-6.382
3124000	-0.033	-6.415
3125000	-0.032	-6.447
3126000	-0.032	-6.479
3127000	-0.031	-6.510
3128000	-0.031	-6.541
3129000	-0.031	-6.572
3130000	-0.031	-6.603
3131000	-0.030	-6.633
3132000	-0.030	-6.663
3133000	-0.029	-6.692
3134000	-0.028	-6.720
3135000	-0.028	-6.748
3136000	-0.028	-6.777
3137000	-0.027	-6.804
3138000	-0.027	-6.830
3139000	-0.025	-6.855
3140000	-0.026	-6.881
3141000	-0.025	-6.905
3142000	-0.024	-6.929
3143000	-0.024	-6.954
3144000	-0.025	-6.979
3145000	-0.024	-7.002
3146000	-0.022	-7.025
3147000	-0.022	-7.046
3148000	-0.021	-7.067
3149000	-0.022	-7.089
3150000	-0.020	-7.109
3151000	-0.020	-7.129
3152000	-0.020	-7.149
3153000	-0.019	-7.168
3154000	-0.021	-7.189
3155000	-0.021	-7.210
3156000	-0.021	-7.231
3157000	-0.022	-7.253
3158000	-0.023	-7.276
3159000	-0.024	-7.301
3160000	-0.025	-7.326
3161000	-0.025	-7.351
3162000	-0.025	-7.375
3163000	-0.025	-7.400
3164000	-0.025	-7.425
3165000	-0.024	-7.450
3166000	-0.025	-7.475
3167000	-0.026	-7.500
3168000	-0.025	-7.526
3169000	-0.025	-7.551
3170000	-0.025	-7.576
3171000	-0.027	-7.603
3172000	-0.029	-7.632
3173000	-0.030	-7.661
3174000	-0.030	-7.691
3175000	-0.029	-7.720
3176000	-0.028	-7.747
3177000	-0.027	-7.774
3178000	-0.026	-7.800
3179000	-0.026	-7.826
3180000	-0.026	-7.853
3181000	-0.026	-7.878
3182000	-0.025	-7.903
3183000	-0.025	-7.928
3184000	-0.025	-7.953
3185000	-0.024	-7.977
3186000	-0.023	-8.001
3187000	-0.023	-8.024
3188000	-0.024	-8.048
3189000	-0.024	-8.072
3190000	-0.024	-8.096
3191000	-0.024	-8.121
3192000	-0.025	-8.145
3193000	-0.024	-8.170
3194000	-0.025	-8.195
3195000	-0.026	-8.221
3196000	-0.025	-8.245
3197000	-0.023	-8.268
3198000	-0.024	-8.291
3199000	-0.024	-8.315
3200000	-0.022	-8.337
3201000	-0.022	-8.360
3202000	-0.024	-8.383
3203000	-0.023	-8.406
3204000	-0.022	-8.428
3205000	-0.020	-8.449
3206000	-0.020	-8.469
3207000	-0.021	-8.490
3208000	-0.022	-8.512
3209000	-0.022	-8.534
3210000	-0.023	-8.557
3211000	-0.023	-8.580
3212000	-0.023	-8.603
3213000	-0.024	-8.627
3214000	-0.025	-8.652
3215000	-0.026	-8.679
3216000	-0.026	-8.705
3217000	-0.028	-8.733
3218000	-0.028	-8.761
3219000	-0.027	-8.787
3220000	-0.026	-8.814
3221000	-0.027	-8.841
3222000	-0.026	-8.867
3223000	-0.027	-8.894
3224000	-0.028	-8.922
3225000	-0.028	-8.950
3226000	-0.029	-8.979
3227000	-0.030	-9.009
3228000	-0.030	-9.039
3229000	-0.031	-9.070
3230000	-0.031	-9.101
3231000	-0.033	-9.134
3232000	-0.034	-9.168
3233000	-0.035	-9.204
3234000	-0.037	-9.241
3235000	-0.037	-9.277
3236000	-0.037	-9.314
3237000	-0.038	-9.352
3238000	-0.039	-9.391
3239000	-0.041	-9.432
3240000	-0.042	-9.475
3241000	-0.043	-9.518
3242000	-0.042	-9.559
3243000	-0.040	-9.599
3244000	-0.039	-9.638
3245000	-0.039	-9.677
3246000	-0.040	-9.717
3247000	-0.041	-9.758
3248000	-0.041	-9.798
3249000	-0.040	-9.839
3250000	-0.042	-9.881
3251000	-0.045	-9.926
3252000	-0.045	-9.971
3253000	-0.046	-10.017
3254000	-0.046	-10.063
3255000	-0.046	-10.109
3256000	-0.046	-10.155
3257000	-0.045	-10.200
3258000	-0.043	-10.243
3259000	-0.042	-10.285
3260000	-0.040	-10.325
3261000	-0.040	-10.365
3262000	-0.040	-10.405
3263000	-0.040	-10.445
3264000	-0.040	-10.484
3265000	-0.040	-10.524
3266000	-0.039	-10.564
3267000	-0.038	-10.602
3268000	-0.038	-10.640
3269000	-0.037	-10.677
3270000	-0.038	-10.715
3271000	-0.038	-10.753
3272000	-0.036	-10.789
3273000	-0.035	-10.824
3274000	-0.035	-10.859
3275000	-0.035	-10.894
3276000	-0.035	-10.929
3277000	-0.036	-10.965
3278000	-0.035	-11.000
3279000	-0.034	-11.034
3280000	-0.035	-11.068
3281000	-0.035	-11.104
3282000	-0.036	-11.139
3283000	-0.035	-11.174
3284000	-0.035	-11.209
3285000	-0.036	-11.245
3286000	-0.037	-11.282
3287000	-0.038	-11.321
3288000	-0.039	-11.359
3289000	-0.039	-11.398
3290000	-0.038	-11.436
3291000	-0.038	-11.474
3292000	-0.039	-11.513
3293000	-0.039	-11.552
3294000	-0.040	-11.592
3295000	-0.040	-11.632
3296000	-0.041	-11.673
3297000	-0.043	-11.715
3298000	-0.042	-11.757
3299000	-0.042	-11.800
3300000	-0.043	-11.842
3301000	-0.042	-11.885
3302000	-0.042	-11.927
3303000	-0.044	-11.971
3304000	-0.043	-12.015
3305000	-0.043	-12.058
3306000	-0.042	-12.100
3307000	-0.041	-12.141
3308000	-0.041	-12.182
3309000	-0.039	-12.222
3310000	-0.038	-12.260
3311000	-0.037	-12.297
3312000	-0.037	-12.334
3313000	-0.036	-12.370
3314000	-0.036	-12.406
3315000	-0.035	-12.440
3316000	-0.033	-12.474
3317000	-0.032	-12.505
3318000	-0.030	-12.535
3319000	-0.030	-12.565
3320000	-0.030	-12.595
3321000	-0.030	-12.624
3322000	-0.029	-12.653
3323000	-0.027	-12.681
3324000	-0.026	-12.707
3325000	-0.027	-12.734
3326000	-0.028	-12.762
3327000	-0.029	-12.791
3328000	-0.029	-12.821
3329000	-0.030	-12.851
3330000	-0.030	-12.880
3331000	-0.030	-12.910
3332000	-0.029	-12.939
3333000	-0.029	-12.968
3334000	-0.028	-12.996
3335000	-0.028	-13.024
3336000	-0.028	-13.052
3337000	-0.026	-13.078
3338000	-0.025	-13.103
3339000	-0.024	-13.127
3340000	-0.023	-13.150
3341000	-0.024	-13.174
3342000	-0.025	-13.199
3343000	-0.028	-13.227
3344000	-0.028	-13.255
3345000	-0.029	-13.284
3346000	-0.029	-13.313
3347000	-0.030	-13.343
3348000	-0.030	-13.374
3349000	-0.032	-13.405
3350000	-0.031	-13.437
3351000	-0.030	-13.467
3352000	-0.030	-13.497
3353000	-0.030	-13.527
3354000	-0.029	-13.556
3355000	-0.030	-13.587
3356000	-0.031	-13.617
3357000	-0.030	-13.648
3358000	-0.031	-13.679
3359000	-0.032	-13.710
3360000	-0.033	-13.743
3361000	-0.034	-13.777
3362000	-0.033	-13.810
3363000	-0.032	-13.843
3364000	-0.033	-13.876
3365000	-0.033	-13.909
3366000	-0.034	-13.943
3367000	-0.035	-13.977
3368000	-0.036	-14.013
3369000	-0.036	-14.049
3370000	-0.035	-14.084
3371000	-0.035	-14.120
3372000	-0.035	-14.155
3373000	-0.035	-14.190
3374000	-0.036	-14.225
3375000	-0.035	-14.261
3376000	-0.037	-14.297
3377000	-0.037	-14.334
3378000	-0.038	-14.372
3379000	-0.039	-14.411
3380000	-0.039	-14.450
3381000	-0.042	-14.491
3382000	-0.042	-14.533
3383000	-0.042	-14.575
3384000	-0.041	-14.616
3385000	-0.041	-14.657
3386000	-0.041	-14.697
3387000	-0.040	-14.737
3388000	-0.040	-14.777
3389000	-0.039	-14.816
3390000	-0.040	-14.856
3391000	-0.041	-14.898
3392000	-0.040	-14.938
3393000	-0.040	-14.978
3394000	-0.040	-15.018
3395000	-0.039	-15.058
3396000	-0.039	-15.096
3397000	-0.038	-15.134
3398000	-0.036	-15.170
3399000	-0.034	-15.203
3400000	-0.033	-15.237
3401000	-0.033	-15.270
3402000	-0.033	-15.302
3403000	-0.032	-15.334
3404000	-0.031	-15.365
3405000	-0.032	-15.397
3406000	-0.034	-15.431
3407000	-0.035	-15.465
3408000	-0.036	-15.501
3409000	-0.037	-15.538
3410000	-0.039	-15.577
3411000	-0.040	-15.616
3412000	-0.042	-15.658
3413000	-0.042	-15.700
3414000	-0.042	-15.742
3415000	-0.043	-15.785
3416000	-0.044	-15.829
3417000	-0.044	-15.872
3418000	-0.046	-15.918
3419000	-0.046	-15.965
3420000	-0.048	-16.013
3421000	-0.050	-16.062
3422000	-0.050	-16.112
3423000	-0.052	-16.164
3424000	-0.052	-16.215
3425000	-0.049	-16.264
3426000	-0.047	-16.311
3427000	-0.045	-16.357
3428000	-0.044	-16.401
3429000	-0.043	-16.444
3430000	-0.043	-16.487
3431000	-0.042	-16.528
3432000	-0.042	-16.571
3433000	-0.042	-16.613
3434000	-0.042	-16.654
3435000	-0.043	-16.697
3436000	-0.044	-16.741
3437000	-0.044	-16.785
3438000	-0.045	-16.830
3439000	-0.044	-16.874
3440000	-0.043	-16.917
3441000	-0.043	-16.960
3442000	-0.042	-17.003
3443000	-0.041	-17.043
3444000	-0.040	-17.083
3445000	-0.040	-17.123
3446000	-0.040	-17.163
3447000	-0.039	-17.202
3448000	-0.038	-17.240
3449000	-0.038	-17.279
3450000	-0.039	-17.318
3451000	-0.039	-17.357
3452000	-0.039	-17.396
3453000	-0.039	-17.435
3454000	-0.039	-17.474
3455000	-0.037	-17.510
3456000	-0.036	-17.547
3457000	-0.037	-17.584
3458000	-0.039	-17.623
3459000	-0.039	-17.662
3460000	-0.038	-17.700
3461000	-0.038	-17.738
3462000	-0.039	-17.778
3463000	-0.039	-17.816
3464000	-0.038	-17.854
3465000	-0.038	-17.892
3466000	-0.038	-17.930
3467000	-0.038	-17.968
3468000	-0.038	-18.006
3469000	-0.038	-18.045
3470000	-0.038	-18.083
3471000	-0.038	-18.121
3472000	-0.038	-18.158
3473000	-0.038	-18.196
3474000	-0.038	-18.234
3475000	-0.038	-18.272
3476000	-0.038	-18.310
3477000	-0.038	-18.348
3478000	-0.039	-18.387
3479000	-0.038	-18.425
3480000	-0.037	-18.462
3481000	-0.035	-18.497
3482000	-0.035	-18.531
3483000	-0.034	-18.566
3484000	-0.035	-18.601
3485000	-0.035	-18.636
3486000	-0.035	-18.670
3487000	-0.035	-18.706
3488000	-0.036	-18.742
3489000	-0.038	-18.780
3490000	-0.037	-18.816
3491000	-0.036	-18.852
3492000	-0.035	-18.887
3493000	-0.035	-18.923
3494000	-0.036	-18.959
3495000	-0.037	-18.995
3496000	-0.038	-19.034
3497000	-0.039	-19.073
3498000	-0.040	-19.113
3499000	-0.041	-19.154
3500000	-0.041	-19.194
3501000	-0.041	-19.235
3502000	-0.042	-19.277
3503000	-0.043	-19.320
3504000	-0.046	-19.366
3505000	-0.045	-19.411
3506000	-0.044	-19.455
3507000	-0.043	-19.499
3508000	-0.042	-19.540
3509000	-0.040	-19.580
3510000	-0.039	-19.619
3511000	-0.039	-19.658
3512000	-0.038	-19.696
3513000	-0.036	-19.733
3514000	-0.037	-19.770
3515000	-0.037	-19.806
3516000	-0.037	-19.844
3517000	-0.037	-19.880
3518000	-0.035	-19.915
3519000	-0.035	-19.950
3520000	-0.033	-19.983
3521000	-0.031	-20.015
3522000	-0.032	-20.046
3523000	-0.030	-20.076
3524000	-0.029	-20.105
3525000	-0.029	-20.134
3526000	-0.028	-20.162
3527000	-0.029	-20.191
3528000	-0.029	-20.221
3529000	-0.030	-20.250
3530000	-0.030	-20.280
3531000	-0.031	-20.312
3532000	-0.031	-20.342
3533000	-0.031	-20.373
3534000	-0.031	-20.405
3535000	-0.030	-20.435
3536000	-0.029	-20.464
3537000	-0.030	-20.494
3538000	-0.030	-20.524
3539000	-0.030	-20.554
3540000	-0.031	-20.585
3541000	-0.031	-20.616
3542000	-0.031	-20.647
3543000	-0.032	-20.678
3544000	-0.033	-20.711
3545000	-0.032	-20.743
3546000	-0.032	-20.775
3547000	-0.032	-20.807
3548000	-0.032	-20.839
3549000	-0.031	-20.869
3550000	-0.029	-20.899
3551000	-0.028	-20.926
3552000	-0.028	-20.954
3553000	-0.028	-20.982
3554000	-0.028	-21.010
3555000	-0.029	-21.039
3556000	-0.029	-21.069
3557000	-0.028	-21.097
3558000	-0.026	-21.123
3559000	-0.026	-21.149
3560000	-0.027	-21.176
3561000	-0.026	-21.202
3562000	-0.025	-21.227
3563000	-0.026	-21.252
3564000	-0.026	-21.278
3565000	-0.025	-21.303
3566000	-0.025	-21.328
3567000	-0.024	-21.352
3568000	-0.024	-21.376
3569000	-0.025	-21.400
3570000	-0.025	-21.425
3571000	-0.024	-21.449
3572000	-0.025	-21.474
3573000	-0.025	-21.498
3574000	-0.024	-21.522
3575000	-0.024	-21.546
3576000	-0.024	-21.570
3577000	-0.024	-21.595
3578000	-0.025	-21.620
3579000	-0.025	-21.645
3580000	-0.025	-21.670
3581000	-0.025	-21.695
3582000	-0.025	-21.720
3583000	-0.026	-21.746
3584000	-0.026	-21.772
3585000	-0.027	-21.799
3586000	-0.026	-21.825
3587000	-0.026	-21.851
3588000	-0.025	-21.876
3589000	-0.025	-21.901
3590000	-0.025	-21.926
3591000	-0.027	-21.953
3592000	-0.026	-21.979
3593000	-0.026	-22.006
3594000	-0.026	-22.031
3595000	-0.026	-22.057
3596000	-0.024	-22.081
3597000	-0.024	-22.105
3598000	-0.024	-22.129
3599000	-0.025	-22.154
3600000	-0.024	-22.178
3601000	-0.024	-22.202
3602000	-0.023	-22.225
3603000	-0.022	-22.247
3604000	-0.021	-22.269
3605000	-0.022	-22.291
3606000	-0.022	-22.313
3607000	-0.022	-22.335
3608000	-0.023	-22.358
3609000	-0.024	-22.382
3610000	-0.025	-22.406
3611000	-0.024	-22.430
3612000	-0.024	-22.454
3613000	-0.025	-22.479
3614000	-0.023	-22.503
3615000	-0.023	-22.526
3616000	-0.024	-22.550
3617000	-0.025	-22.575
3618000	-0.025	-22.600
3619000	-0.025	-22.625
3620000	-0.025	-22.650
3621000	-0.026	-22.676
3622000	-0.025	-22.701
3623000	-0.026	-22.727
3624000	-0.028	-22.755
3625000	-0.030	-22.785
3626000	-0.030	-22.815
3627000	-0.029	-22.843
3628000	-0.029	-22.872
3629000	-0.030	-22.903
3630000	-0.031	-22.933
3631000	-0.030	-22.964
3632000	-0.030	-22.993
3633000	-0.029	-23.022
3634000	-0.028	-23.050
3635000	-0.027	-23.077
3636000	-0.027	-23.104
3637000	-0.026	-23.131
3638000	-0.027	-23.157
3639000	-0.027	-23.184
3640000	-0.027	-23.211
3641000	-0.026	-23.237
3642000	-0.027	-23.264
3643000	-0.027	-23.291
3644000	-0.026	-23.316
3645000	-0.025	-23.342
3646000	-0.025	-23.367
3647000	-0.026	-23.393
3648000	-0.025	-23.418
3649000	-0.025	-23.443
3650000	-0.025	-23.468
3651000	-0.025	-23.493
3652000	-0.025	-23.518
3653000	-0.025	-23.544
3654000	-0.026	-23.569
3655000	-0.026	-23.595
3656000	-0.026	-23.621
3657000	-0.026	-23.647
3658000	-0.027	-23.674
3659000	-0.028	-23.701
3660000	-0.028	-23.729
3661000	-0.029	-23.758
3662000	-0.030	-23.788
3663000	-0.029	-23.817
3664000	-0.029	-23.846
3665000	-0.029	-23.875
3666000	-0.028	-23.903
3667000	-0.027	-23.930
3668000	-0.026	-23.956
3669000	-0.023	-23.980
3670000	-0.023	-24.002
3671000	-0.024	-24.026
3672000	-0.023	-24.049
3673000	-0.023	-24.072
3674000	-0.023	-24.095
3675000	-0.021	-24.116
3676000	-0.021	-24.138
3677000	-0.020	-24.158
3678000	-0.019	-24.177
3679000	-0.019	-24.195
3680000	-0.018	-24.214
3681000	-0.017	-24.231
3682000	-0.018	-24.249
3683000	-0.018	-24.267
3684000	-0.018	-24.285
3685000	-0.018	-24.302
3686000	-0.017	-24.320
3687000	-0.016	-24.336
3688000	-0.015	-24.351
3689000	-0.014	-24.366
3690000	-0.014	-24.380
3691000	-0.014	-24.393
3692000	-0.015	-24.408
3693000	-0.016	-24.424
3694000	-0.016	-24.440
3695000	-0.015	-24.455
3696000	-0.015	-24.469
3697000	-0.013	-24.482
3698000	-0.013	-24.495
3699000	-0.013	-24.508
3700000	-0.013	-24.521
3701000	-0.013	-24.534
3702000	-0.013	-24.546
3703000	-0.013	-24.560
3704000	-0.013	-24.573
3705000	-0.014	-24.587
3706000	-0.014	-24.601
3707000	-0.014	-24.615
3708000	-0.015	-24.630
3709000	-0.016	-24.646
3710000	-0.015	-24.661
3711000	-0.016	-24.678
3712000	-0.015	-24.693
3713000	-0.016	-24.709
3714000	-0.017	-24.726
3715000	-0.016	-24.742
3716000	-0.016	-24.759
3717000	-0.017	-24.776
3718000	-0.016	-24.792
3719000	-0.016	-24.808
3720000	-0.017	-24.825
3721000	-0.018	-24.843
3722000	-0.019	-24.862
3723000	-0.019	-24.880
3724000	-0.018	-24.899
3725000	-0.018	-24.916
3726000	-0.018	-24.934
3727000	-0.018	-24.953
3728000	-0.018	-24.971
3729000	-0.018	-24.988
3730000	-0.016	-25.005
3731000	-0.016	-25.020
3732000	-0.016	-25.036
3733000	-0.017	-25.053
3734000	-0.017	-25.071
3735000	-0.019	-25.090
3736000	-0.020	-25.110
3737000	-0.020	-25.130
3738000	-0.020	-25.150
3739000	-0.020	-25.170
3740000	-0.021	-25.190
3741000	-0.021	-25.212
3742000	-0.021	-25.233
3743000	-0.022	-25.255
3744000	-0.023	-25.278
3745000	-0.023	-25.301
3746000	-0.023	-25.324
3747000	-0.023	-25.347
3748000	-0.025	-25.372
3749000	-0.026	-25.398
3750000	-0.028	-25.426
3751000	-0.029	-25.454
3752000	-0.028	-25.482
3753000	-0.028	-25.510
3754000	-0.027	-25.537
3755000	-0.026	-25.562
3756000	-0.024	-25.587
3757000	-0.024	-25.611
3758000	-0.025	-25.636
3759000	-0.024	-25.660
3760000	-0.024	-25.683
3761000	-0.022	-25.706
3762000	-0.023	-25.728
3763000	-0.023	-25.752
3764000	-0.024	-25.776
3765000	-0.023	-25.799
3766000	-0.025	-25.824
3767000	-0.026	-25.850
3768000	-0.026	-25.876
3769000	-0.028	-25.904
3770000	-0.028	-25.933
3771000	-0.028	-25.960
3772000	-0.028	-25.989
3773000	-0.029	-26.018
3774000	-0.030	-26.048
3775000	-0.031	-26.079
3776000	-0.031	-26.110
3777000	-0.031	-26.141
3778000	-0.031	-26.172
3779000	-0.032	-26.204
3780000	-0.032	-26.236
3781000	-0.034	-26.269
3782000	-0.033	-26.303
3783000	-0.033	-26.336
3784000	-0.033	-26.369
3785000	-0.033	-26.402
3786000	-0.034	-26.437
3787000	-0.035	-26.472
3788000	-0.035	-26.506
3789000	-0.035	-26.541
3790000	-0.034	-26.575
3791000	-0.034	-26.609
3792000	-0.032	-26.641
3793000	-0.031	-26.672
3794000	-0.030	-26.702
3795000	-0.030	-26.732
3796000	-0.031	-26.764
3797000	-0.033	-26.796
3798000	-0.032	-26.828
3799000	-0.031	-26.859
3800000	-0.032	-26.891
3801000	-0.032	-26.923
3802000	-0.032	-26.955
3803000	-0.032	-26.987
3804000	-0.032	-27.019
3805000	-0.031	-27.050
3806000	-0.032	-27.082
3807000	-0.032	-27.114
3808000	-0.032	-27.146
3809000	-0.032	-27.178
3810000	-0.032	-27.210
3811000	-0.032	-27.242
3812000	-0.032	-27.274
3813000	-0.031	-27.305
3814000	-0.031	-27.336
3815000	-0.033	-27.369
3816000	-0.032	-27.401
3817000	-0.031	-27.432
3818000	-0.032	-27.464
3819000	-0.033	-27.497
3820000	-0.032	-27.529
3821000	-0.031	-27.560
3822000	-0.031	-27.591
3823000	-0.032	-27.624
3824000	-0.032	-27.656
3825000	-0.032	-27.688
3826000	-0.032	-27.720
3827000	-0.033	-27.753
3828000	-0.031	-27.784
3829000	-0.030	-27.813
3830000	-0.031	-27.844
3831000	-0.031	-27.874
3832000	-0.030	-27.905
3833000	-0.029	-27.934
3834000	-0.028	-27.962
3835000	-0.027	-27.989
3836000	-0.026	-28.014
3837000	-0.024	-28.038
3838000	-0.023	-28.061
3839000	-0.023	-28.084
3840000	-0.022	-28.107
3841000	-0.022	-28.128
3842000	-0.021	-28.149
3843000	-0.018	-28.168
3844000	-0.017	-28.184
3845000	-0.015	-28.199
3846000	-0.013	-28.212
3847000	-0.010	-28.222
3848000	-0.010	-28.233
3849000	-0.009	-28.242
3850000	-0.008	-28.250
3851000	-0.007	-28.257
3852000	-0.006	-28.263
3853000	-0.006	-28.269
3854000	-0.006	-28.275
3855000	-0.006	-28.281
3856000	-0.006	-28.287
3857000	-0.005	-28.292
3858000	-0.006	-28.298
3859000	-0.005	-28.303
3860000	-0.004	-28.306
3861000	-0.004	-28.310
3862000	-0.003	-28.313
3863000	-0.001	-28.315
3864000	-0.002	-28.317
3865000	-0.003	-28.320
3866000	-0.002	-28.321
3867000	-0.002	-28.323
3868000	-0.002	-28.325
3869000	-0.001	-28.326
3870000	-0.000	-28.327
3871000	0.000	-28.327
3872000	0.002	-28.325
3873000	0.004	-28.321
3874000	0.005	-28.316
3875000	0.006	-28.310
3876000	0.006	-28.304
3877000	0.008	-28.296
3878000	0.009	-28.286
3879000	0.011	-28.276
3880000	0.011	-28.265
3881000	0.012	-28.253
3882000	0.014	-28.239
3883000	0.015	-28.225
3884000	0.015	-28.209
3885000	0.017	-28.193
3886000	0.017	-28.176
3887000	0.018	-28.158
3888000	0.016	-28.142
3889000	0.016	-28.125
3890000	0.015	-28.110
3891000	0.015	-28.095
3892000	0.016	-28.080
3893000	0.015	-28.064
3894000	0.015	-28.049
3895000	0.015	-28.034
3896000	0.016	-28.017
3897000	0.018	-28.000
3898000	0.018	-27.982
3899000	0.017	-27.965
3900000	0.019	-27.945
3901000	0.019	-27.927
3902000	0.020	-27.907
3903000	0.021	-27.886
3904000	0.021	-27.865
3905000	0.021	-27.844
3906000	0.023	-27.821
3907000	0.024	-27.797
3908000	0.025	-27.772
3909000	0.025	-27.747
3910000	0.027	-27.720
3911000	0.028	-27.692
3912000	0.028	-27.664
3913000	0.028	-27.635
3914000	0.029	-27.606
3915000	0.031	-27.575
3916000	0.031	-27.544
3917000	0.031	-27.513
3918000	0.033	-27.480
3919000	0.034	-27.447
3920000	0.035	-27.412
3921000	0.036	-27.376
3922000	0.037	-27.339
3923000	0.039	-27.300
3924000	0.039	-27.261
3925000	0.040	-27.221
3926000	0.041	-27.180
3927000	0.041	-27.139
3928000	0.040	-27.099
3929000	0.040	-27.059
3930000	0.040	-27.019
3931000	0.039	-26.979
3932000	0.039	-26.940
3933000	0.039	-26.901
3934000	0.040	-26.861
3935000	0.040	-26.821
3936000	0.040	-26.782
3937000	0.040	-26.741
3938000	0.041	-26.700
3939000	0.042	-26.658
3940000	0.044	-26.614
3941000	0.045	-26.568
3942000	0.044	-26.524
3943000	0.043	-26.482
3944000	0.043	-26.439
3945000	0.042	-26.396
3946000	0.041	-26.356
3947000	0.039	-26.317
3948000	0.039	-26.278
3949000	0.040	-26.238
3950000	0.041	-26.197
3951000	0.040	-26.157
3952000	0.041	-26.117
3953000	0.040	-26.076
3954000	0.040	-26.036
3955000	0.039	-25.996
3956000	0.038	-25.958
3957000	0.038	-25.921
3958000	0.039	-25.881
3959000	0.039	-25.842
3960000	0.039	-25.804
3961000	0.039	-25.765
3962000	0.039	-25.726
3963000	0.038	-25.687
3964000	0.040	-25.647
3965000	0.040	-25.607
3966000	0.040	-25.568
3967000	0.040	-25.528
3968000	0.040	-25.488
3969000	0.039	-25.449
3970000	0.039	-25.410
3971000	0.038	-25.372
3972000	0.037	-25.335
3973000	0.036	-25.300
3974000	0.036	-25.264
3975000	0.036	-25.228
3976000	0.036	-25.192
3977000	0.034	-25.158
3978000	0.034	-25.123
3979000	0.034	-25.089
3980000	0.035	-25.054
3981000	0.035	-25.019
3982000	0.033	-24.986
3983000	0.032	-24.955
3984000	0.031	-24.924
3985000	0.031	-24.893
3986000	0.031	-24.863
3987000	0.032	-24.831
3988000	0.033	-24.798
3989000	0.033	-24.765
3990000	0.033	-24.732
3991000	0.033	-24.699
3992000	0.032	-24.667
3993000	0.032	-24.635
3994000	0.033	-24.602
3995000	0.032	-24.570
3996000	0.031	-24.539
3997000	0.030	-24.508
3998000	0.030	-24.478
3999000	0.030	-24.448
4000000	0.029	-24.419
4001000	0.028	-24.392
4002000	0.028	-24.364
4003000	0.029	-24.334
4004000	0.030	-24.305
4005000	0.029	-24.275
4006000	0.028	-24.247
4007000	0.029	-24.218
4008000	0.029	-24.189
4009000	0.030	-24.159
4010000	0.030	-24.129
4011000	0.030	-24.099
4012000	0.029	-24.070
4013000	0.030	-24.040
4014000	0.030	-24.010
4015000	0.029	-23.981
4016000	0.029	-23.952
4017000	0.028	-23.924
4018000	0.027	-23.897
4019000	0.027	-23.870
4020000	0.025	-23.846
4021000	0.024	-23.821
4022000	0.023	-23.798
4023000	0.022	-23.776
4024000	0.022	-23.755
4025000	0.021	-23.734
4026000	0.020	-23.714
4027000	0.019	-23.694
4028000	0.019	-23.676
4029000	0.019	-23.657
4030000	0.021	-23.635
4031000	0.022	-23.613
4032000	0.022	-23.591
4033000	0.022	-23.570
4034000	0.022	-23.548
4035000	0.022	-23.526
4036000	0.022	-23.504
4037000	0.021	-23.483
4038000	0.020	-23.463
4039000	0.017	-23.446
4040000	0.015	-23.431
4041000	0.014	-23.417
4042000	0.015	-23.402
4043000	0.016	-23.386
4044000	0.017	-23.370
4045000	0.015	-23.354
4046000	0.016	-23.338
4047000	0.017	-23.322
4048000	0.018	-23.304
4049000	0.018	-23.286
4050000	0.017	-23.268
4051000	0.018	-23.251
4052000	0.017	-23.234
4053000	0.018	-23.216
4054000	0.017	-23.199
4055000	0.018	-23.181
4056000	0.019	-23.162
4057000	0.021	-23.141
4058000	0.022	-23.119
4059000	0.023	-23.097
4060000	0.023	-23.074
4061000	0.023	-23.051
4062000	0.023	-23.029
4063000	0.022	-23.007
4064000	0.021	-22.986
4065000	0.022	-22.964
4066000	0.023	-22.941
4067000	0.024	-22.917
4068000	0.025	-22.891
4069000	0.027	-22.865
4070000	0.028	-22.836
4071000	0.030	-22.806
4072000	0.032	-22.774
4073000	0.032	-22.741
4074000	0.034	-22.708
4075000	0.033	-22.675
4076000	0.032	-22.643
4077000	0.033	-22.610
4078000	0.033	-22.576
4079000	0.033	-22.543
4080000	0.033	-22.510
4081000	0.034	-22.477
4082000	0.034	-22.443
4083000	0.034	-22.409
4084000	0.035	-22.374
4085000	0.036	-22.338
4086000	0.036	-22.302
4087000	0.035	-22.267
4088000	0.035	-22.232
4089000	0.035	-22.197
4090000	0.036	-22.161
4091000	0.037	-22.124
4092000	0.037	-22.088
4093000	0.036	-22.052
4094000	0.035	-22.017
4095000	0.034	-21.983
4096000	0.034	-21.949
4097000	0.035	-21.914
4098000	0.035	-21.879
4099000	0.036	-21.842
4100000	0.037	-21.806
4101000	0.039	-21.767
4102000	0.038	-21.729
4103000	0.038	-21.691
4104000	0.038	-21.652
4105000	0.040	-21.612
4106000	0.039	-21.573
4107000	0.039	-21.534
4108000	0.037	-21.497
4109000	0.039	-21.458
4110000	0.039	-21.419
4111000	0.040	-21.379
4112000	0.042	-21.337
4113000	0.043	-21.295
4114000	0.042	-21.253
4115000	0.041	-21.212
4116000	0.042	-21.169
4117000	0.043	-21.126
4118000	0.044	-21.082
4119000	0.043	-21.039
4120000	0.045	-20.994
4121000	0.045	-20.949
4122000	0.045	-20.904
4123000	0.046	-20.858
4124000	0.046	-20.812
4125000	0.046	-20.765
4126000	0.047	-20.718
4127000	0.048	-20.670
4128000	0.049	-20.621
4129000	0.049	-20.572
4130000	0.048	-20.524
4131000	0.048	-20.476
4132000	0.048	-20.429
4133000	0.047	-20.382
4134000	0.046	-20.336
4135000	0.045	-20.291
4136000	0.044	-20.247
4137000	0.044	-20.203
4138000	0.043	-20.160
4139000	0.045	-20.114
4140000	0.046	-20.068
4141000	0.047	-20.022
4142000	0.046	-19.976
4143000	0.046	-19.930
4144000	0.044	-19.886
4145000	0.044	-19.842
4146000	0.043	-19.799
4147000	0.042	-19.757
4148000	0.041	-19.716
4149000	0.041	-19.675
4150000	0.040	-19.635
4151000	0.040	-19.595
4152000	0.041	-19.555
4153000	0.040	-19.514
4154000	0.042	-19.472
4155000	0.042	-19.430
4156000	0.041	-19.389
4157000	0.040	-19.348
4158000	0.040	-19.309
4159000	0.040	-19.269
4160000	0.039	-19.229
4161000	0.040	-19.189
4162000	0.040	-19.149
4163000	0.042	-19.107
4164000	0.041	-19.066
4165000	0.041	-19.025
4166000	0.040	-18.985
4167000	0.040	-18.944
4168000	0.038	-18.906
4169000	0.038	-18.868
4170000	0.036	-18.832
4171000	0.034	-18.798
4172000	0.032	-18.766
4173000	0.031	-18.735
4174000	0.030	-18.705
4175000	0.030	-18.675
4176000	0.030	-18.645
4177000	0.030	-18.615
4178000	0.030	-18.584
4179000	0.030	-18.554
4180000	0.030	-18.524
4181000	0.030	-18.493
4182000	0.031	-18.462
4183000	0.031	-18.431
4184000	0.031	-18.400
4185000	0.030	-18.370
4186000	0.029	-18.341
4187000	0.028	-18.314
4188000	0.028	-18.286
4189000	0.028	-18.258
4190000	0.027	-18.231
4191000	0.028	-18.203
4192000	0.029	-18.174
4193000	0.031	-18.143
4194000	0.033	-18.110
4195000	0.034	-18.076
4196000	0.036	-18.040
4197000	0.034	-18.006
4198000	0.033	-17.973
4199000	0.032	-17.942
4200000	0.031	-17.911
4201000	0.030	-17.881
4202000	0.030	-17.850
4203000	0.029	-17.821
4204000	0.029	-17.792
4205000	0.028	-17.763
4206000	0.029	-17.734
4207000	0.030	-17.704
4208000	0.030	-17.674
4209000	0.028	-17.646
4210000	0.027	-17.619
4211000	0.024	-17.595
4212000	0.021	-17.574
4213000	0.019	-17.554
4214000	0.021	-17.533
4215000	0.022	-17.511
4216000	0.022	-17.489
4217000	0.022	-17.467
4218000	0.022	-17.446
4219000	0.021	-17.424
4220000	0.021	-17.403
4221000	0.021	-17.382
4222000	0.022	-17.360
4223000	0.022	-17.337
4224000	0.023	-17.315
4225000	0.023	-17.292
4226000	0.023	-17.269
4227000	0.023	-17.245
4228000	0.023	-17.223
4229000	0.023	-17.200
4230000	0.024	-17.176
4231000	0.024	-17.152
4232000	0.025	-17.127
4233000	0.025	-17.102
4234000	0.025	-17.077
4235000	0.025	-17.052
4236000	0.026	-17.026
4237000	0.025	-17.000
4238000	0.025	-16.975
4239000	0.025	-16.950
4240000	0.025	-16.925
4241000	0.025	-16.899
4242000	0.026	-16.873
4243000	0.027	-16.847
4244000	0.027	-16.820
4245000	0.027	-16.792
4246000	0.028	-16.764
4247000	0.029	-16.736
4248000	0.029	-16.707
4249000	0.028	-16.680
4250000	0.029	-16.650
4251000	0.029	-16.621
4252000	0.028	-16.593
4253000	0.029	-16.564
4254000	0.027	-16.536
4255000	0.027	-16.510
4256000	0.026	-16.484
4257000	0.026	-16.458
4258000	0.026	-16.432
4259000	0.025	-16.408
4260000	0.024	-16.384
4261000	0.023	-16.361
4262000	0.023	-16.338
4263000	0.021	-16.317
4264000	0.021	-16.296
4265000	0.021	-16.275
4266000	0.022	-16.253
4267000	0.021	-16.231
4268000	0.022	-16.209
4269000	0.021	-16.188
4270000	0.021	-16.167
4271000	0.021	-16.146
4272000	0.022	-16.124
4273000	0.024	-16.100
4274000	0.025	-16.075
4275000	0.023	-16.052
4276000	0.023	-16.029
4277000	0.023	-16.006
4278000	0.022	-15.984
4279000	0.022	-15.962
4280000	0.021	-15.941
4281000	0.020	-15.921
4282000	0.019	-15.902
4283000	0.019	-15.883
4284000	0.019	-15.864
4285000	0.021	-15.843
4286000	0.022	-15.821
4287000	0.023	-15.798
4288000	0.021	-15.777
4289000	0.021	-15.756
4290000	0.021	-15.735
4291000	0.020	-15.715
4292000	0.020	-15.695
4293000	0.019	-15.676
4294000	0.018	-15.658
4295000	0.018	-15.640
4296000	0.018	-15.622
4297000	0.019	-15.603
4298000	0.020	-15.584
4299000	0.020	-15.564
4300000	0.021	-15.542
4301000	0.023	-15.520
4302000	0.023	-15.497
4303000	0.024	-15.473
4304000	0.025	-15.448
4305000	0.025	-15.423
4306000	0.026	-15.397
4307000	0.026	-15.371
4308000	0.027	-15.343
4309000	0.028	-15.315
4310000	0.029	-15.286
4311000	0.031	-15.256
4312000	0.032	-15.224
4313000	0.033	-15.190
4314000	0.033	-15.158
4315000	0.033	-15.124
4316000	0.035	-15.089
4317000	0.035	-15.054
4318000	0.034	-15.020
4319000	0.035	-14.985
4320000	0.034	-14.950
4321000	0.034	-14.916
4322000	0.034	-14.882
4323000	0.034	-14.848
4324000	0.035	-14.813
4325000	0.035	-14.778
4326000	0.034	-14.744
4327000	0.034	-14.710
4328000	0.035	-14.675
4329000	0.034	-14.641
4330000	0.034	-14.607
4331000	0.034	-14.573
4332000	0.033	-14.540
4333000	0.034	-14.506
4334000	0.033	-14.473
4335000	0.034	-14.439
4336000	0.033	-14.406
4337000	0.033	-14.373
4338000	0.034	-14.339
4339000	0.034	-14.305
4340000	0.034	-14.272
4341000	0.033	-14.239
4342000	0.032	-14.206
4343000	0.032	-14.174
4344000	0.032	-14.142
4345000	0.033	-14.109
4346000	0.034	-14.075
4347000	0.034	-14.041
4348000	0.035	-14.006
4349000	0.036	-13.970
4350000	0.035	-13.935
4351000	0.037	-13.898
4352000	0.036	-13.862
4353000	0.035	-13.827
4354000	0.036	-13.791
4355000	0.038	-13.754
4356000	0.039	-13.715
4357000	0.040	-13.675
4358000	0.039	-13.635
4359000	0.039	-13.596
4360000	0.041	-13.555
4361000	0.041	-13.514
4362000	0.040	-13.474
4363000	0.040	-13.434
4364000	0.041	-13.393
4365000	0.040	-13.353
4366000	0.039	-13.314
4367000	0.039	-13.275
4368000	0.038	-13.237
4369000	0.039	-13.197
4370000	0.041	-13.156
4371000	0.042	-13.114
4372000	0.041	-13.073
4373000	0.040	-13.033
4374000	0.039	-12.994
4375000	0.040	-12.954
4376000	0.041	-12.913
4377000	0.042	-12.871
4378000	0.041	-12.830
4379000	0.042	-12.789
4380000	0.042	-12.747
4381000	0.043	-12.704
4382000	0.043	-12.661
4383000	0.043	-12.618
4384000	0.042	-12.576
4385000	0.040	-12.535
4386000	0.038	-12.497
4387000	0.039	-12.458
4388000	0.041	-12.417
4389000	0.040	-12.377
4390000	0.039	-12.338
4391000	0.039	-12.299
4392000	0.038	-12.261
4393000	0.037	-12.224
4394000	0.037	-12.187
4395000	0.036	-12.151
4396000	0.035	-12.116
4397000	0.034	-12.081
4398000	0.035	-12.046
4399000	0.036	-12.010
4400000	0.036	-11.974
4401000	0.035	-11.939
4402000	0.034	-11.906
4403000	0.032	-11.874
4404000	0.032	-11.842
4405000	0.032	-11.810
4406000	0.033	-11.776
4407000	0.033	-11.743
4408000	0.032	-11.711
4409000	0.031	-11.680
4410000	0.031	-11.649
4411000	0.030	-11.619
4412000	0.029	-11.590
4413000	0.028	-11.562
4414000	0.027	-11.535
4415000	0.027	-11.509
4416000	0.025	-11.484
4417000	0.026	-11.458
4418000	0.026	-11.432
4419000	0.027	-11.405
4420000	0.027	-11.378
4421000	0.026	-11.352
4422000	0.024	-11.327
4423000	0.024	-11.304
4424000	0.022	-11.282
4425000	0.022	-11.260
4426000	0.021	-11.240
4427000	0.020	-11.219
4428000	0.020	-11.199
4429000	0.020	-11.180
4430000	0.019	-11.161
4431000	0.018	-11.143
4432000	0.017	-11.125
4433000	0.017	-11.109
4434000	0.018	-11.091
4435000	0.017	-11.073
4436000	0.019	-11.054
4437000	0.019	-11.034
4438000	0.019	-11.016
4439000	0.017	-10.998
4440000	0.016	-10.982
4441000	0.018	-10.964
4442000	0.018	-10.947
4443000	0.017	-10.930
4444000	0.018	-10.912
4445000	0.018	-10.894
4446000	0.017	-10.877
4447000	0.017	-10.860
4448000	0.017	-10.843
4449000	0.016	-10.827
4450000	0.016	-10.810
4451000	0.015	-10.795
4452000	0.015	-10.781
4453000	0.014	-10.766
4454000	0.014	-10.752
4455000	0.013	-10.739
4456000	0.014	-10.725
4457000	0.013	-10.712
4458000	0.013	-10.699
4459000	0.013	-10.686
4460000	0.012	-10.674
4461000	0.012	-10.663
4462000	0.013	-10.650
4463000	0.013	-10.637
4464000	0.013	-10.624
4465000	0.013	-10.611
4466000	0.012	-10.599
4467000	0.012	-10.587
4468000	0.011	-10.576
4469000	0.010	-10.565
4470000	0.009	-10.556
4471000	0.008	-10.547
4472000	0.009	-10.538
4473000	0.010	-10.529
4474000	0.011	-10.518
4475000	0.011	-10.507
4476000	0.011	-10.496
4477000	0.011	-10.485
4478000	0.011	-10.474
4479000	0.011	-10.464
4480000	0.011	-10.452
4481000	0.010	-10.442
4482000	0.010	-10.432
4483000	0.010	-10.422
4484000	0.010	-10.411
4485000	0.011	-10.400
4486000	0.012	-10.388
4487000	0.012	-10.377
4488000	0.012	-10.365
4489000	0.013	-10.352
4490000	0.014	-10.338
4491000	0.014	-10.324
4492000	0.015	-10.309
4493000	0.017	-10.292
4494000	0.018	-10.274
4495000	0.018	-10.256
4496000	0.019	-10.237
4497000	0.021	-10.216
4498000	0.020	-10.196
4499000	0.019	-10.177
4500000	0.018	-10.158
4501000	0.018	-10.140
4502000	0.019	-10.121
4503000	0.020	-10.101
4504000	0.019	-10.082
4505000	0.019	-10.064
4506000	0.018	-10.045
4507000	0.018	-10.028
4508000	0.017	-10.010
4509000	0.018	-9.993
4510000	0.017	-9.976
4511000	0.018	-9.957
4512000	0.018	-9.940
4513000	0.019	-9.921
4514000	0.020	-9.901
4515000	0.019	-9.882
4516000	0.018	-9.865
4517000	0.017	-9.847
4518000	0.018	-9.829
4519000	0.018	-9.812
4520000	0.019	-9.792
4521000	0.020	-9.773
4522000	0.020	-9.752
4523000	0.022	-9.731
4524000	0.022	-9.709
4525000	0.022	-9.687
4526000	0.023	-9.663
4527000	0.024	-9.639
4528000	0.025	-9.614
4529000	0.027	-9.587
4530000	0.027	-9.560
4531000	0.026	-9.534
4532000	0.027	-9.507
4533000	0.028	-9.478
4534000	0.028	-9.451
4535000	0.028	-9.423
4536000	0.027	-9.396
4537000	0.028	-9.367
4538000	0.029	-9.338
4539000	0.031	-9.307
4540000	0.032	-9.275
4541000	0.031	-9.243
